nn
4,10,10,2
dIn
1,2,3,4,5,6,7,8,9,10,11,12,13,14,15,16,17,18,19
dIntern
,
dOut
1,2,3,4,5,6,7,8,9,10,11,12,13,14,15,16,17,18,19
normP
1.0,1.0,1.0,1.0
normY
1.0,1.0
w
0.0765197682623982439187315662820765282958745956420898438
0.4856834242807571699884761073917616158723831176757812500
0.2736405697069850262437284982297569513320922851562500000
-0.0917900102148695301584879757683665957301855087280273438
-0.0096792627348706132550670844238993595354259014129638672
-0.4138503440513787712262683271546848118305206298828125000
0.0329812295180991060794539748712850268930196762084960938
-0.3366962906772001939970095918397419154644012451171875000
0.0480167320021273325014732336057932116091251373291015625
0.0247889953877589996888985979239805601537227630615234375
-0.0924772191463375109465872014880005735903978347778320312
0.4188901430897890576510178561875363811850547790527343750
-0.0852721454809792639428778215915372129529714584350585938
0.0326300109916878647298155158296140143647789955139160156
-0.0851161764618901250933902247197693213820457458496093750
-0.3968264389359124622025376538658747449517250061035156250
-0.0524769931795420058184831191283592488616704940795898438
-0.3626742689763754468046386136848013848066329956054687500
-0.0313180597856375711462995070633041905239224433898925781
-0.0684188175706393758579437758271524216979742050170898438
-0.4318013405831417350633216756250476464629173278808593750
-0.3430912496502140918153145321412011981010437011718750000
-0.0815973020709615942669401533748896326869726181030273438
0.3774711966336338764271829404606251046061515808105468750
-0.3580340403264963833329659337323391810059547424316406250
-0.3171666112505230339380091209022793918848037719726562500
-0.0589198587258842609859499361846246756613254547119140625
0.1180748183367054671144558142259484156966209411621093750
0.2000086694857624303178766922428621910512447357177734375
-0.0037693382258455893074611253723560366779565811157226562
-0.2765235942056653017928624649357516318559646606445312500
-0.4239492206790744788236224849242717027664184570312500000
-0.2802814881099877641901230163057334721088409423828125000
-0.2268207249514289092218177756876684725284576416015625000
-0.2818379012392375204676397970615653321146965026855468750
0.2395854525945695367994403568445704877376556396484375000
0.0219928189348134427161252091309506795369088649749755859
0.4670268820176480262240659158123889937996864318847656250
-0.0576707269349924847579025311006262199953198432922363281
0.2730335700887608907372339217545231804251670837402343750
-0.0337334315735283024606516733001626562327146530151367188
-0.3671744700732951227628575452399672940373420715332031250
0.3210300825186658268961537032737396657466888427734375000
0.0577708497890338512625874045625096186995506286621093750
-0.1474035879680816729653258789767278358340263366699218750
0.3889603352768037369813214354508090764284133911132812500
0.0062901782597012609321573961551621323451399803161621094
0.4142695037438535177187759472872130572795867919921875000
-0.0047324982319283479675897652327876130584627389907836914
0.0133411126311716171644050632494327146559953689575195312
-0.0714673364930833165953316665763850323855876922607421875
0.2631842308542236552604265398258576169610023498535156250
0.0242149340848958095906429122123881825245916843414306641
-0.1698127855095732940959862844465533271431922912597656250
0.0937495649243481748991158042372262571007013320922851562
0.1146240742933203327069691113138105720281600952148437500
0.0126468630414039544251902924543173867277801036834716797
-0.4949451795447938895478046106291003525257110595703125000
0.0153435720670695857625887015274201985448598861694335938
0.0109613449609958779618068547279108315706253051757812500
0.3462240713785842971539352674881229177117347717285156250
0.3455314423722604111333112086867913603782653808593750000
0.0244536477731158025106239506385463755577802658081054688
-0.0254727804417300002226554056505847256630659103393554688
-0.0665887118042388231886619109900493640452623367309570312
0.3409696953111818751303019325860077515244483947753906250
0.0467019416775029810873220981193298939615488052368164062
0.3949026529723319578479845404217485338449478149414062500
-0.4603735019342086176585837620223173871636390686035156250
-0.2746327495260167950164031935855746269226074218750000000
0.0372101015775774604521508592824829975143074989318847656
0.3467389438712763505279212949972134083509445190429687500
0.4103492800855866873277477679948788136243820190429687500
-0.3913095759185508115685081520496169105172157287597656250
-0.3785779050189036487594762547814752906560897827148437500
-0.4281083998561244774450074146443512290716171264648437500
0.3926077978192473172391885327670024707913398742675781250
-0.2237355559202420796083288223599083721637725830078125000
-0.0498168317293774531862027288298122584819793701171875000
0.1012176932182470567855858689654269255697727203369140625
0.1850917599523034529074294596284744329750537872314453125
-0.0768068551970306490073170380128431133925914764404296875
0.3743128914555340358560897584538906812667846679687500000
0.2407933666692041452250805377843789756298065185546875000
-0.1700039944786227996686989172303583472967147827148437500
-0.4250981391156831157296380752086406573653221130371093750
-0.0506355024836425832157615900541713926941156387329101562
-0.1338054870485800018631294960869126953184604644775390625
-0.0462925074833718044886587961173063376918435096740722656
-0.0553540697317557450762848247904912568628787994384765625
-0.0086298669361878025535483871522046683821827173233032227
-0.2212965048040127502559926142566837370395660400390625000
0.1585085762452768942676328833840670995414257049560546875
-0.0802297227527729306384429719400941394269466400146484375
0.2191588934076706407516610397578915581107139587402343750
0.4669578668024239598288716024399036541581153869628906250
-0.0517984094568995148688550500537530751898884773254394531
-0.3516478288051356204668707050586817786097526550292968750
-0.0415104232331107783626755747263814555481076240539550781
-0.0604062637223685069964851379609171999618411064147949219
0.1470230744642788689446888383827172219753265380859375000
-0.5613647873516859343467899634561035782098770141601562500
0.3730737276250639111729867636313429102301597595214843750
0.1138765332243511507748223721137037500739097595214843750
0.4108084435424866343034011606505373492836952209472656250
0.2468744397643323762459033332561375573277473449707031250
-0.1553262745335671213275929858355084434151649475097656250
0.2553138183758981161197709752741502597928047180175781250
0.2656678924292903420933953384519554674625396728515625000
0.5040116049753945448586023303505498915910720825195312500
0.4523609781642199401119341928279027342796325683593750000
-0.2961120255502004416925387886294629424810409545898437500
-0.4681419513997414627581861168437171727418899536132812500
-0.1835396518718565017636024094827007502317428588867187500
0.2464370019574475267898350239192950539290904998779296875
0.2330087984307476767220634883415186777710914611816406250
-0.1803472949819933945914129935772507451474666595458984375
0.4653780826238265722061271389975445345044136047363281250
-0.1285272057824816682725099781237076967954635620117187500
0.6748534343481306096990124387957621365785598754882812500
0.1820489198061353286473007528911693952977657318115234375
0.1113081052420553801463043441799527499824762344360351562
0.0631251966314574641803147869723034091293811798095703125
-0.0225749951380657884469904672641860088333487510681152344
0.2469117936033945748253159990781568922102451324462890625
-0.2542616811075816829479379066469846293330192565917968750
0.0271692236307337284251239850618730997666716575622558594
-0.2718805573631900562858731973392423242330551147460937500
0.0180929850436740112529232504812171100638806819915771484
0.0338319497392715884398484149642172269523143768310546875
0.2699510558821642258742201647692127153277397155761718750
0.1794677290997072627298791758221341297030448913574218750
0.0386393680356532515096645852281653787940740585327148438
-0.1485580319239744040427098070722422562539577484130859375
0.3851597733480803809058556907984893769025802612304687500
0.3546408143318992567394332127150846645236015319824218750
0.0172585006647054291228915445799430017359554767608642578
0.3422944744586214893544706683314871042966842651367187500
0.0225322397094865345401615286391461268067359924316406250
0.0139518573886924374116702551873459015041589736938476562
0.5200921690410134079485260372166521847248077392578125000
-0.5312677961456216957358833496982697397470474243164062500
0.3658624374823448710536410999338841065764427185058593750
0.0190589125369805371945641780939695308916270732879638672
0.3072718548588491138673362002009525895118713378906250000
0.4724753448596683558236009048414416611194610595703125000
0.7363379344519762614851288162753917276859283447265625000
-0.4465999327688802700286885283276205882430076599121093750
-0.4732437254394982195648822198563721030950546264648437500
0.2382292817411838237173782317768200300633907318115234375
0.4095978616051721421520426247298019006848335266113281250
-0.4855312228306133404132083342119585722684860229492187500
-0.0322614235416825920199634936125221429392695426940917969
-0.4401325802770857942292082043422851711511611938476562500
0.4982839351828511342823446739203063771128654479980468750
-0.1054334279902225529612636023557570297271013259887695312
0.2313038208776339033079239015933126211166381835937500000
0.0073508485244020089002803253208639944205060601234436035
-0.9382338114737900358619526741676963865756988525390625000
-0.2675088520036155159687041305005550384521484375000000000
0.1205835628382958268911551158453221432864665985107421875
0.1044226223804969599928682555400882847607135772705078125
-0.1242270449026863371466689045519160572439432144165039062
-0.1260691140493682971257527469788328744471073150634765625
-0.0185980418789856785655167925597197609022259712219238281
-0.2141405714476963262349329397693509235978126525878906250
-0.0223914169557778187924501622774187126196920871734619141
-0.4250978228498457078821104460075730457901954650878906250
-0.0209983779380324628305309886400209506973624229431152344
-0.0235954804087068550910721853597351582720875740051269531
0.1189794068246177588532574986857071053236722946166992188
0.1847095484889696714869700144845410250127315521240234375
-0.1338514555613468659522879988799104467034339904785156250
0.0917224183853149049872044429321249481290578842163085938
-0.2966175781225000585017426146805519238114356994628906250
0.1550187712502634485023378374535241164267063140869140625
-0.0120188222617923258506156258818009519018232822418212891
0.3853255691129736648647963193070609122514724731445312500
0.0047591813354628618309982712730743514839559793472290039
-0.0226009763556098142167627429444110020995140075683593750
0.4334108590157295659572866952657932415604591369628906250
-0.4557327702694355386903168891876703128218650817871093750
0.2973121717519514595196028494683559983968734741210937500
0.5211206458144073128124773575109429657459259033203125000
0.1673801421939444256103968200477538630366325378417968750
-0.1942759631959451172011910102810361422598361968994140625
-0.5136160614917231193032876035431399941444396972656250000
-0.0122311557816282157756804238601944234687834978103637695
-0.0485176916754975900980539904594479594379663467407226562
0.5530328271950636365161813046142924576997756958007812500
-0.1200161553528332897267105749961046967655420303344726562
0.1963174824452501021632144784234696999192237854003906250
-0.0687828958373338100740213008066348265856504440307617188
-0.4199657705747668057227883764426223933696746826171875000
-0.3514187282539807943848586546664591878652572631835937500
-0.1138417014577482871962033073032216634601354598999023438
-0.6742805046581952232997991814045235514640808105468750000
-0.4343805656318963093198703973030205816030502319335937500
0.3977420876338235156133293912716908380389213562011718750
-0.0898840378220259195174435262742917984724044799804687500
-0.1659418146373276559124576579051790758967399597167968750
-0.1609265279039686358242278174657258205115795135498046875
0.1376159180443648488711971822340274229645729064941406250
-0.1348248346670820607684504466305952519178390502929687500
-0.0539649025951715460847069039118650835007429122924804688
-0.3127103201136785526337291685194941237568855285644531250
0.0000345968125740020275571406926928830216638743877410889
0.0377301480683864959297935115500877145677804946899414062
-0.0075632647902303395959222598321503028273582458496093750
0.0043749621267579110600598468749922176357358694076538086
-0.3014087502872540569320847225753823295235633850097656250
0.2314281241674661371288124200873426161706447601318359375
-0.3282843178700521336033091301942477002739906311035156250
-0.3165203578524605210198217264405684545636177062988281250
0.2058651388302996099177732958196429535746574401855468750
0.3918665360681748977000893319200258702039718627929687500
0.0266063863150804956470008022506590350531041622161865234
-0.2707955704568277277566323846258455887436866760253906250
0.0247086547303480112691698167282083886675536632537841797
0.0278185405062495554051604784717710572294890880584716797
0.0627794859731155424631410255642549600452184677124023438
0.2307020127190539116046608114629634656012058258056640625
0.2452036653826596135363757866798550821840763092041015625
0.0358698457582682581068489469089399790391325950622558594
0.1523624393184004333079428761266171932220458984375000000
0.1606493116656041997281079147796845063567161560058593750
0.5358366649166013129246266544214449822902679443359375000
0.4079279153316743289359180835162987932562828063964843750
-0.5963568819803035658821954712038859724998474121093750000
-0.1876790684609778714353467421460663899779319763183593750
0.3417070890395951798801377208292251452803611755371093750
0.4610512979691389623404518260940676555037498474121093750
0.1827272568392648843804693115089321509003639221191406250
-0.4517242855786271493734318482893286272883415222167968750
0.3418699516956614781193479757348541170358657836914062500
-0.1802573467261246731307977597680292092263698577880859375
0.5329715973106092796740540507016703486442565917968750000
-0.1488151900002175065385046082155895419418811798095703125
-0.2031424709473461376330050143224070779979228973388671875
-0.3631326249329268063270603761338861659169197082519531250
0.3063175737377644702874590620922390371561050415039062500
0.0832475753268214629931875947477237787097692489624023438
0.2463390432377425554033578691814909689128398895263671875
0.1051134246837477498326407499007473234087228775024414062
0.2241767595766663845324728754349052906036376953125000000
-0.1619626240018823548627580066749942488968372344970703125
0.0232999725082719891244842358446476282551884651184082031
-0.4194985304757232746908357512438669800758361816406250000
0.0245951611582866658256563141549122519791126251220703125
0.0241200330414824970493015143802040256559848785400390625
-0.1895650336541808145263132701074937358498573303222656250
-0.1614871523809387754422317584612756036221981048583984375
-0.0110559321202418382734666835176540189422667026519775391
-0.1915763350213288140899692280072486028075218200683593750
-0.0206553097729388103476200200248058536089956760406494141
-0.1473827559092251437977694195069489069283008575439453125
0.0274338846036869046796091708984022261574864387512207031
-0.1115842865249741938660221762802393641322851181030273438
0.0501197593317806375234901850035384995862841606140136719
0.0151657097312650548937007499716855818405747413635253906
-0.3262434879736578752229547717433888465166091918945312500
0.2367071140776638993319380688262754119932651519775390625
0.3920257361947275254188127746601821854710578918457031250
0.3395956695034951233758135913376463577151298522949218750
0.0120260279120005669772908163395186420530080795288085938
0.2673091205411992077323191097093513235449790954589843750
-0.6328728651300823404568518526502884924411773681640625000
-0.3304761218808456857409794338309438899159431457519531250
0.2822473640602256583775897524901665747165679931640625000
-0.1034702561254749186847590181059786118566989898681640625
-0.0836579147293505936966440117430465761572122573852539062
-0.4077502141336702967677751985320355743169784545898437500
0.2952268273803588805037634301697835326194763183593750000
-0.2328158754235792604614374567972845397889614105224609375
0.2627732697477093148918925180623773485422134399414062500
-0.2630859062606745180090683788876049220561981201171875000
-0.2084182909410763895330376271886052563786506652832031250
0.2955845667888914451992832255200482904911041259765625000
0.6192945052980265430164763529319316148757934570312500000
0.2733062115202662401003408376709558069705963134765625000
0.2619463260285178063391242631041677668690681457519531250
0.2638447365230758290266521726152859628200531005859375000
-0.2719917688235606312296965825225925073027610778808593750
0.0614437215611568499085137773363385349512100219726562500
-0.2351072990409593665983578603118075989186763763427734375
0.1329273950660760095221490928452112711966037750244140625
0.0200319497268080654039934529464517254382371902465820312
0.3913900801880327295911854434962151572108268737792968750
0.0193101153223850761919688778789350180886685848236083984
0.0209676942570989968683825566131417872384190559387207031
-0.0711865769264668074578494838533515576273202896118164062
0.0313637318121950461891067618580564158037304878234863281
0.4122387605217742723162643869727617129683494567871093750
-0.1678931232345744206657656150127877481281757354736328125
-0.3553905469338339839779905560135375708341598510742187500
-0.0995580805815243913281520349300990346819162368774414062
0.0595271638644880585200525047184783034026622772216796875
0.3088884921793327298367159983172314241528511047363281250
0.0610545413439784190323678103595739230513572692871093750
0.0596687356301226629051726035868341568857431411743164062
-0.1085554339162943804364402922146837227046489715576171875
-0.4144640955905156687322232755832374095916748046875000000
0.2319194004358166305568289544680737890303134918212890625
0.2931418077463061599985394423129037022590637207031250000
-0.3086143351056839789769981052813818678259849548339843750
0.0487169974951449924471802432890399359166622161865234375
0.4794295462630864257391749561065807938575744628906250000
0.1381782558069894750740758126994478516280651092529296875
-0.2162367753655567992332464655191870406270027160644531250
0.0451985709970612117847288402572303311899304389953613281
0.3874427964962159354200821326230652630329132080078125000
0.0804167595526706913133807574922684580087661743164062500
-0.2862016781832146250508230878040194511413574218750000000
0.0477111862082691129405276342367869801819324493408203125
-0.0788177873478275031748907508699630852788686752319335938
-0.1910268889031974115511047784821130335330963134765625000
0.1808415539156129070441636486066272482275962829589843750
-0.1732352326151147259292173430367256514728069305419921875
-0.2068205836087984028637265510042198002338409423828125000
-0.3603577430285363480955140857986407354474067687988281250
-0.0301128131423375050568225219649320933967828750610351562
0.0479524016794467405899737855179409962147474288940429688
0.2314785971586649504505572849666350521147251129150390625
0.1220560219799117912531372098783322144299745559692382812
0.4066044019179612667436174433532869443297386169433593750
0.0861118833297834784801239038642961531877517700195312500
-0.0414228273375131933464743383410677779465913772583007812
-0.3600010314642632103243613528320565819740295410156250000
-0.0509237065105484984495198830245499266311526298522949219
-0.0367202578813347058073190964933019131422042846679687500
0.3249095660305785226995567427366040647029876708984375000
0.4095310494188351690958427298028254881501197814941406250
-0.1085900802791618935394524214643752202391624450683593750
-0.0691173557294526286209901400070521049201488494873046875
0.3610752640148275349751827434374717995524406433105468750
0.2555644941910016898489743653044570237398147583007812500
0.0094213830066589843159619022117112763226032257080078125
-0.1940038417488227084906071695513674058020114898681640625
0.0227855683560391798769817484071609214879572391510009766
0.0022703113475047997926736798035562969744205474853515625
0.1155999394145233172270792465496924705803394317626953125
-0.0121588788436132692188929027565791329834610223770141602
0.1146552617093198334075054845015984028577804565429687500
-0.0736095752252282908845160136479535140097141265869140625
-0.1570298352140797604192812286783009767532348632812500000
0.3215982337897912990420934420399134978652000427246093750
0.0796450294849900819471599788812454789876937866210937500
0.1739665320829372752164942994568264111876487731933593750
0.1451953134272273571170330797031056135892868041992187500
0.2883306551303501108485249915247550234198570251464843750
0.2921102184209547480975288635818287730216979980468750000
0.2539932585303829037925993361568544059991836547851562500
0.4904888407049793341840882021642755717039108276367187500
-0.0786213080334994401932036112157220486551523208618164062
-0.4669465020708801761273321062617469578981399536132812500
0.3302491091097540798493525926460279151797294616699218750
-0.3070647676605699483154410245333565399050712585449218750
0.2623347744548213400506142534140963107347488403320312500
-0.1571826423417455598219305556995095685124397277832031250
-0.2590269379016457151898578104010084643959999084472656250
-0.1830379752270680504544486666418379172682762145996093750
-0.1585388333281306794120268932601902633905410766601562500
-0.1686788486151652444178239420580212026834487915039062500
0.0324702926172575068175518708812887780368328094482421875
0.0305451077885265584455076748326973756775259971618652344
-0.1325930958283279281761934953465242870151996612548828125
0.0024093361089543262332224315969142480753362178802490234
-0.1178588518596198203569613838226359803229570388793945312
0.0058626575476883064502731102152210951317101716995239258
0.0002173442239542400927776455432649527210742235183715820
-0.1346169814962263622248883621068671345710754394531250000
-0.0583284855487824840936106340905098477378487586975097656
0.1858288320751674549402565617128857411444187164306640625
-0.2281833616572493672602917058611637912690639495849609375
-0.0205347015647364267154628691969264764338731765747070312
0.5190279812606233278415857057552784681320190429687500000
0.0320854052989225715930565741018654080107808113098144531
0.2722805315514318369451984835905022919178009033203125000
0.0390550105215896267707442746086599072441458702087402344
0.0281550192968220425182579447209718637168407440185546875
0.4743087091117592635214350593741983175277709960937500000
0.2822979519321436314704953929322073236107826232910156250
-0.5274828412478073103031306345656048506498336791992187500
0.0455767755809355148977068949989188695326447486877441406
-0.3459226043851397203177100436732871457934379577636718750
-0.1491788755234374763691818088773288764059543609619140625
-0.4041405021117743245895326253958046436309814453125000000
0.2002239317217471004095585840332205407321453094482421875
-0.1468327278126419221937482006978825666010379791259765625
-0.4288086167145655491772515688353450968861579895019531250
0.2457756969402332403173971897558658383786678314208984375
0.0365156477912719906742111675157502759248018264770507812
-0.0770564813379864960163345699584169778972864151000976562
-0.4336014546111018330698527734057279303669929504394531250
0.2594153718571432509776286678970791399478912353515625000
-0.2029005612539890590628743893830687738955020904541015625
0.0013449670949777173950545616776253154966980218887329102
-0.3755244547562818779873339281039079651236534118652343750
-0.3705079135479782403983506355871213600039482116699218750
0.4742968134862307616472776317095849663019180297851562500
0.0533660628246712398503603935751016251742839813232421875
0.3055836519686199737044773883098969236016273498535156250
-0.1744389641063170404144955227820901200175285339355468750
-0.1601688051622200403834028747951379045844078063964843750
0.1153618318755331439984246344465645961463451385498046875
0.2152206745775070984016963393514743074774742126464843750
0.0052186504077328240910893519810542784398421645164489746
-0.1251122501459502323051253824814921244978904724121093750
-0.0046987767356234423632432850581608363427221775054931641
0.0119197254868404541733317714147233346011489629745483398
-0.4335592152964154455396794674015836790204048156738281250
-0.2176531153735098145229898136676638387143611907958984375
0.1204646202732632676024593365582404658198356628417968750
-0.0929088753827414237651538542195339687168598175048828125
-0.4180748511380082410582303964474704116582870483398437500
-0.4223460813112713263528519291867269203066825866699218750
0.0085127328111077038563792029890464618802070617675781250
-0.0734379855773659995232804931220016442239284515380859375
0.0094260249839204814092941120406976551748812198638916016
0.0084168854177674723437974080297863110899925231933593750
0.4556054809512115610914406715892255306243896484375000000
-0.4037108278316652310024892358342185616493225097656250000
-0.4767269599432906179714564132154919207096099853515625000
-0.2338946628560439611188570552258170209825038909912109375
0.2388073739904098824471390116741531528532505035400390625
-0.3201585958691902100703430278372252359986305236816406250
0.0925598089202949170228862385556567460298538208007812500
0.3159163591802988668710838737752055749297142028808593750
-0.5760812996834278054691935722075868397951126098632812500
-0.2514858600212856454270138328865868970751762390136718750
0.0844218737175935901584367115901841316372156143188476562
0.2357182417712454791658416297650546766817569732666015625
-0.0234223149240813943716688072527176700532436370849609375
-0.4161160655626551796437695429631276056170463562011718750
-0.1930658756773623863089994756592204794287681579589843750
0.2179256541555478765559428211417980492115020751953125000
0.3714575325116124537849771058972692117094993591308593750
0.2856008707489549047764398892468307167291641235351562500
-0.0293954150010603959541910512598406057804822921752929688
-0.1684648793486607787350806120230117812752723693847656250
0.1693119255047177418305182072799652814865112304687500000
0.3417536265469066081301718895701924338936805725097656250
-0.3593424805749589334702420728717697784304618835449218750
0.1014501296716572020795155140149290673434734344482421875
-0.1554688574905663256409127370716305449604988098144531250
-0.3409399900257988336171877108426997438073158264160156250
-0.0226592287516998239227383749039290705695748329162597656
-0.0775713328540583446635281461567501537501811981201171875
-0.0206120733945241545181925602037154021672904491424560547
-0.0245411795175409543079414476096644648350775241851806641
0.0730793407232618041913241313523030839860439300537109375
0.2105717461911535970386921690078452229499816894531250000
-0.0004455633510856479156947429487445333506911993026733398
0.2398971418291483692630805535372928716242313385009765625
-0.2954228506999237446883910251926863566040992736816406250
-0.3822783390415612214674467850272776558995246887207031250
-0.0411662083728675243232686398187070153653621673583984375
0.3152338245786260872982609271275578066706657409667968750
-0.0321699858764604926242292037841252749785780906677246094
-0.0487599483386392598682768095841311151161789894104003906
-0.0003612017604716127785330348487491392006631940603256226
-0.2095568909437493798630924857206991873681545257568359375
0.3399840057355442701769732138927793130278587341308593750
0.3173452871188240931310531323106260970234870910644531250
-0.3235939679091198728499989556439686566591262817382812500
-0.2475828946002717190211228626139927655458450317382812500
-0.2981139034474405979935340837982948869466781616210937500
-0.0126627633366304219453279955587277072481811046600341797
0.2407279301071351962360012066710623912513256072998046875
0.3391834262576758352025763088022358715534210205078125000
-0.0218278981835774953113027407880508690141141414642333984
0.1838706698325240085356568897623219527304172515869140625
-0.2465708202934354942303940561032504774630069732666015625
-0.2078229891981830945724141201935708522796630859375000000
0.0301409414347403314948792285576928406953811645507812500
0.1524978644242012681964126841194229200482368469238281250
-0.3525013672876278758572254901082487776875495910644531250
0.4120450224454794141415447938925353810191154479980468750
0.4645605635853387593847685366199584677815437316894531250
0.0855266955549504326317133973134332336485385894775390625
-0.0791024475225244882992114980879705399274826049804687500
0.2902709122196773239288347667752532288432121276855468750
-0.0335348591300134238335495240335148992016911506652832031
0.0312152216415797698068068655175011372193694114685058594
0.0312381841548734669189446577775015612132847309112548828
0.1016040879033337784864698960518580861389636993408203125
0.0065479819223696750229990470870689023286104202270507812
0.0909121951104551601074987843276176135987043380737304688
-0.0012917329430995726918807164906866091769188642501831055
0.0115594851518036646764731045777807594276964664459228516
0.0139147831369524615369170916778784885536879301071166992
-0.3160519631304797849580268120917025953531265258789062500
0.1125436639476150857408498495715321041643619537353515625
-0.0476092908731729769211682423701859079301357269287109375
0.1867320891237609081780846054243738763034343719482421875
0.4651911668705251967637082088913302868604660034179687500
-0.0144501715180105627656104161360417492687702178955078125
0.2426929085006952202530072781883063726127147674560546875
-0.0230201597691046776217316249812938622198998928070068359
-0.0102222427862816087063002612467244034633040428161621094
-0.0609272376866451317867223735902371117845177650451660156
0.1452034657120107319361324016426806338131427764892578125
0.3697304677835683284214951527246739715337753295898437500
-0.2410071284695714244339370679881540127098560333251953125
-0.5078361191405272867527287417033221572637557983398437500
-0.0575120695846097901293703102965082507580518722534179688
0.6102769694116789711557657938101328909397125244140625000
0.1652932408432431776734716777355060912668704986572265625
-0.4331302634676491569720724328362848609685897827148437500
0.0174126331373178205863538892117503564804792404174804688
-0.2972385532974129440653143774397904053330421447753906250
0.2268047624322626076853737231431296095252037048339843750
-0.0214325036819492595330238771111908135935664176940917969
0.0074273821850192288385184014032347477041184902191162109
0.2945282383210940935214239289052784442901611328125000000
0.2295581319392081265373661835837992839515209197998046875
0.5336899544312649901200984459137544035911560058593750000
-0.0172392929770906200293012489055399782955646514892578125
-0.4853193257377137470598427171353250741958618164062500000
-0.0213901388570274450517949560435226885601878166198730469
0.2210365042474951025042173569090664386749267578125000000
-0.2169360024329237135454206963913748040795326232910156250
-0.2676423363456940096583025479048956185579299926757812500
0.1978551557989828568739909542273380793631076812744140625
0.2205739977225125714177522695536026731133460998535156250
-0.3768668657664096532933228900219546630978584289550781250
-0.0174032052720373038579015911864189547486603260040283203
-0.3611311274120367897921823896467685699462890625000000000
-0.0151659250062241394985118603244700352661311626434326172
-0.0190729067940036134398695821801084093749523162841796875
-0.2023929426208085358140920106961857527494430541992187500
0.0615796556530810307306111894831701647490262985229492188
0.1247163887470766757692430815041007008403539657592773438
-0.0267493495012908130692430574981699464842677116394042969
-0.2213755900904552931240942825752426870167255401611328125
0.1878460180040223137520882801254629157483577728271484375
-0.0236623452091034060240648528861129307188093662261962891
0.4173680521573068236129699926095781847834587097167968750
-0.0121119146533083255068419248345890082418918609619140625
-0.0312776993963064103843052521369827445596456527709960938
-0.1376534370009526719869086264225188642740249633789062500
-0.2955593383880841251709625794319435954093933105468750000
0.1407611559800850675738814743453986011445522308349609375
-0.0489750032692585490767811506884754635393619537353515625
-0.2082009048499922077013479793095029890537261962890625000
0.2416616451031433077112353657867060974240303039550781250
-0.3286432982908243927155922392557840794324874877929687500
-0.2204651796919683826025959660910302773118019104003906250
0.0119192308043731421546285176304991182405501604080200195
0.6526215012637193169098281941842287778854370117187500000
-0.2896520420503906900755453079909784719347953796386718750
-0.1800867090129895653483060868893517181277275085449218750
0.0652247413964002348274462406152451876550912857055664062
0.0967297886806042367391356151529180351644754409790039062
-0.2744339503936511492909744447388220578432083129882812500
0.2164787554466221231042055705984239466488361358642578125
-0.2032530462111327151930595391604583710432052612304687500
0.0646388287427985958055742798933351878076791763305664062
0.5465541309555492777150220717885531485080718994140625000
0.3908710098039820945992062206642003729939460754394531250
0.2570391644987341517314405336946947500109672546386718750
0.1967651821633236430830748986409162171185016632080078125
0.2709287520220428069350759869848843663930892944335937500
0.1830385245422026518902214320405619218945503234863281250
0.2316147255029321061492453281971393153071403503417968750
-0.4101777180549317503022166420123539865016937255859375000
-0.0221323597736103189204115437860309612005949020385742188
0.0307862544820121444844041036503767827525734901428222656
-0.0291633750271829972344761472413665615022182464599609375
-0.0190335536682755476767248126179765677079558372497558594
0.3920655568170224314350491567893186584115028381347656250
0.1973922828259435657827225440996699035167694091796875000
-0.5120180561340741398623777058674022555351257324218750000
0.2184440307403185954626678721979260444641113281250000000
0.0964315442085533214289227998960996046662330627441406250
-0.1135776210976109229511266107692790683358907699584960938
-0.0139223591938223388575490702123715891502797603607177734
-0.0881246804608369210809470928325026761740446090698242188
-0.0233644156083642681731582513293687952682375907897949219
-0.0095454628743518177280691361374920234084129333496093750
0.3248031553504383550645684408664237707853317260742187500
-0.2224494758520634829501716467348160222172737121582031250
0.4761763424432464142377341431711101904511451721191406250
0.4285293222731536011416153542086249217391014099121093750
-0.0525081341577206817117229320501792244613170623779296875
0.2547641733383062545570396650873590260744094848632812500
0.5233303888498082034885783286881633102893829345703125000
0.2587855859755124332544085064000682905316352844238281250
-0.3353627210742123332387620848749065771698951721191406250
-0.0544832136101245784187696585831872653216123580932617188
-0.3984345443192284785816070780128939077258110046386718750
-0.2162616567919223298233077912300359457731246948242187500
-0.2649111109338771474774887337844120338559150695800781250
-0.2046315814392504206509215691767167299985885620117187500
-0.2305679387228648236085604139589122496545314788818359375
-0.1552251209236882589781458818833925761282444000244140625
0.3244051788919767864705079318810021504759788513183593750
0.0133350223133613995235569049668811203446239233016967773
-0.0657613697638799454825431212157127447426319122314453125
-0.4298666039155046858510900165128987282514572143554687500
0.1074770774816022483877375748306803870946168899536132812
0.1219417176878300063114224371929594781249761581420898438
0.1789764794386833890449395312316482886672019958496093750
0.0891456758106550228859532580827362835407257080078125000
0.1042045900366283944782352932634239550679922103881835938
0.2045351196386361314338842021243181079626083374023437500
-0.0214284509486976845749062192680867156013846397399902344
-0.1726135188081435734019919436832424253225326538085937500
-0.0204967785635224025719836049574951175600290298461914062
-0.0224225049374809325131163717514937161467969417572021484
0.1455939075412632510708732525017694570124149322509765625
0.0703292340881541966357559658717946149408817291259765625
0.1781445131988845242965169290982885286211967468261718750
0.1543892381431244409384362370474264025688171386718750000
0.2315086150316653101910446821420919150114059448242187500
-0.1531724409810636122752924848100519739091396331787109375
-0.0265193245678796013509170848010398913174867630004882812
0.1137628825304876772905871007424138952046632766723632812
-0.0206143192307976820532022799170590587891638278961181641
-0.0302217421991280432713722348125884309411048889160156250
-0.1661747647657887683170230275209178216755390167236328125
-0.0202098835412468438854638463908486301079392433166503906
-0.3103769152711445267200929265527520328760147094726562500
0.5440388515281472381346361544274259358644485473632812500
-0.4442023944455870676506492600310593843460083007812500000
0.0052739246836880897956190139552745677065104246139526367
-0.0007154049066647929361328905883965489920228719711303711
0.1828439828425128532707333306461805477738380432128906250
0.3846149311636933298963469951559090986847877502441406250
0.6091472801337699527479685457365121692419052124023437500
-0.4735189304804039434060314306407235562801361083984375000
-0.2513058424453202266413143206591485068202018737792968750
0.2635406651891561424783105849201092496514320373535156250
0.0990316429381748186688838586633210070431232452392578125
-0.4939919636448997786182246727548772469162940979003906250
-0.2928131351355564016003540928068105131387710571289062500
0.0492211333299742703761836537523777224123477935791015625
-0.1530729426622216560183176170539809390902519226074218750
0.3938794928587256438667907332273898646235466003417968750
0.5340210830489670046361538879864383488893508911132812500
-0.0033419347062225153270620392476075721788220107555389404
-0.3416849769220979826656048317090608179569244384765625000
0.5037172364014109726682022483146283775568008422851562500
-0.0321682931122109078136972470929322298616170883178710938
0.1558446234270866037618930022290442138910293579101562500
0.0132517064845409111156770975981089577544480562210083008
0.0516605088823020100474714411120658041909337043762207031
0.1755820589291955668986844329992891289293766021728515625
0.0544180424334047216361476273505104472860693931579589844
0.0516131888645859834841012059314380167052149772644042969
0.0473480938688496874600097896745865000411868095397949219
0.1589473821089336380563139528021565638482570648193359375
-0.2038207711730709581487985815329011529684066772460937500
0.0949419620927662577525296683234046213328838348388671875
-0.1806289207330547263996578521982883103191852569580078125
-0.2724644262579408171554007367376470938324928283691406250
0.0088261778856203731979945814600796438753604888916015625
0.0597017832854787738883217684815463144332170486450195312
0.0060778352715168230957498707311970065347850322723388672
0.0097782552676895020948855119513609679415822029113769531
-0.0644079821353986392562518403792637400329113006591796875
0.4910309780339439100771414814516901969909667968750000000
0.0399292708760799058831381103118474129587411880493164062
0.3037676139416191634090580464544473215937614440917968750
-0.1038353748234360496294215181478648446500301361083984375
-0.4417351728908177621590880335133988410234451293945312500
0.2772971833868309587955991446506232023239135742187500000
0.4027473892235481356394188878766726702451705932617187500
0.1156673797911342005395596288508386351168155670166015625
-0.2418982417294291420439833473210455849766731262207031250
0.4249663556925532548191881687671411782503128051757812500
0.1860312661416171908790317957027582451701164245605468750
-0.4708773689118868066572076713782735168933868408203125000
-0.1704452042631898756042119202902540564537048339843750000
-0.3447836886728035121763014103635214269161224365234375000
-0.3778204323131647557332257747475523501634597778320312500
-0.0707021339452501423883390430091822054237127304077148438
0.0430815878893078194056265317612997023388743400573730469
-0.2240903085316646448088562237899168394505977630615234375
-0.4766752591788657733573586483544204384088516235351562500
-0.1096870918880168688236409479941357858479022979736328125
0.0491298479294703036024394293690420454367995262145996094
0.1817995465897308537961407637340016663074493408203125000
0.0068210206531311625560709543947268684860318899154663086
0.2435932872570984453197695529524935409426689147949218750
0.0544500656371952537759817403184570139274001121520996094
-0.0686360134855104608853082481800811365246772766113281250
-0.1682622082108332084438018227956490591168403625488281250
-0.0731275791375927547433022368750243913382291793823242188
-0.0681841692879930072468397384000127203762531280517578125
-0.2912942677669267399487296188453910872340202331542968750
-0.1561203719331644979018136609738576225936412811279296875
0.2747160146928447344016888109763385728001594543457031250
-0.0296618656056681709309863492762815440073609352111816406
0.2452788606135757332182834034028928726911544799804687500
-0.3754370978610047648871272940596099942922592163085937500
-0.0409811876267740168855446825091348728165030479431152344
-0.4178874891587477380383575109590310603380203247070312500
-0.0410489254445285459138581529714429052546620368957519531
-0.0415400970296156413219534897507401183247566223144531250
-0.3259946346077277623543011486617615446448326110839843750
0.4673370264941602014729937764059286564588546752929687500
0.0336691497015736765363591587174596497789025306701660156
0.3943364469847851494499479940714081749320030212402343750
-0.4809738774275945649705477080715354532003402709960937500
-0.5025572739323768134411807295691687613725662231445312500
-0.3462423658911946144911553346901200711727142333984375000
-0.0045693915127478466897681386171825579367578029632568359
-0.0251197270454065896272410896017390768975019454956054688
-0.1795850460430717387971810694580199196934700012207031250
0.2010151898703199657703066804970148950815200805664062500
0.3380940482558188464601300893264124169945716857910156250
0.2841371807399514226588621568225789815187454223632812500
0.6241246642714081138691994965483900159597396850585937500
-0.3550828031234783410674538117746124044060707092285156250
0.0995549417394123170588215998577652499079704284667968750
-0.0162186421118788760831197492962019168771803379058837891
-0.1666096314017670720897257297110627405345439910888671875
0.2462254056446014915948694579128641635179519653320312500
0.1090834048230727160166964040399761870503425598144531250
-0.0217520119120106596166674961523312958888709545135498047
0.1891883774092411041323202880448661744594573974609375000
-0.3188386150393587858964394854410784319043159484863281250
-0.1750356836543434380093486879559350199997425079345703125
-0.0785356443934485948243917619038256816565990447998046875
0.3131473782086965362836394888290669769048690795898437500
0.0232640316845738222284456497845894773490726947784423828
0.0137035434518526719194220220288116252049803733825683594
0.0232588705289683249366472495012203580699861049652099609
0.0240496805737762803234502939631056506186723709106445312
-0.1929081357293353782278444441544706933200359344482421875
0.2060474156056555650184947126035694964230060577392578125
-0.0782587074191788273358483252195583190768957138061523438
-0.0168264429988934788307020085085241589695215225219726562
-0.3024137040530044395758579867106163874268531799316406250
-0.3834858173962335525786215839616488665342330932617187500
-0.0328512013827392118647807706111052539199590682983398438
-0.0995450032246702060101384290646819863468408584594726562
-0.0367619713964540614781206784300593426451086997985839844
-0.0321526328636858108045437631972163217142224311828613281
0.3914102078532329942461842620105016976594924926757812500
-0.0863107847019069646110622784362931270152330398559570312
0.1739970586742316527306684292852878570556640625000000000
-0.3035705742554999919669000973954098299145698547363281250
0.4857155074157953333902071335614891722798347473144531250
0.2075970867191366531212537438477738760411739349365234375
0.3246595244171371907881962215469684451818466186523437500
0.3012438170919240487677370765595696866512298583984375000
0.0442192869824082346319471525930566713213920593261718750
0.2347684566565401975690718927580746822059154510498046875
0.4026925265712336665657744561030995100736618041992187500
0.3696965153235595158420778716390486806631088256835937500
-0.1300545341537010235466453877961612306535243988037109375
0.3838918377705811124656065658200532197952270507812500000
-0.2535627719622281506239858117623953148722648620605468750
0.0633834389421163296729488934033724945038557052612304688
-0.1312022320365923144791509002970997244119644165039062500
0.1804479197048383110058011880028061568737030029296875000
-0.4362508643656486384543313761241734027862548828125000000
-0.1781225496328453505867628337000496685504913330078125000
-0.0305639272947792126067234619313239818438887596130371094
-0.1381028493981213689512088649280485697090625762939453125
-0.5188281423830690686216371432237792760133743286132812500
0.2487847276492213266507746993738692253828048706054687500
-0.2362671184658743095408084400332882069051265716552734375
-0.4173891497593092414497562003816710785031318664550781250
-0.3814666758923105360779004513460677117109298706054687500
0.3072735703079340630061722094978904351592063903808593750
-0.1558853763117122037673567547244601882994174957275390625
0.4771147055795768032737669273046776652336120605468750000
0.1916127733389499099292407890970935113728046417236328125
-0.2051003877738287739518341368238907307386398315429687500
0.0378864547143197352707666425430943490937352180480957031
-0.6302960521278366812225613102782517671585083007812500000
0.4927151146553598870525547681609168648719787597656250000
0.0090583182159505275243827071562918717972934246063232422
0.5395112233447596494784193055238574743270874023437500000
-0.2883130627011505908718902446707943454384803771972656250
-0.7468087915795524889261969292419962584972381591796875000
-0.3742819189729651441211899509653449058532714843750000000
0.3931924735633148260127711637323955073952674865722656250
-0.0133082042291006504702854940092038305010646581649780273
-0.3993443261416405598573931001737946644425392150878906250
-0.0193357598214963857796711010905710281804203987121582031
-0.5826120370861458397371279716026037931442260742187500000
0.2460880653323656852560219476799829863011837005615234375
-0.2402135512741106482259567656001308932900428771972656250
-0.1825740600558182213930535908730234950780868530273437500
-0.0037489909318202362109584413474294706247746944427490234
0.0462810113548555723816946283477591350674629211425781250
0.1603466866675016533339004354274948127567768096923828125
-0.0841179983883027226898576600433443672955036163330078125
0.3105288350179733480871391293476335704326629638671875000
0.4631135986279854011016254844435025006532669067382812500
-0.5054842413634530462474003797979094088077545166015625000
-0.1074280491451079649900535173401294741779565811157226562
-0.3952376652751869445800991798023460432887077331542968750
-0.3080811687900474882262358278239844366908073425292968750
-0.0216913763619119501213639011893974384292960166931152344
0.4829370958029155502799767418764531612396240234375000000
0.3107496187494937500694902610121062025427818298339843750
-0.3665126737959168989888780743058305233716964721679687500
0.4519810619948267382817164161679102107882499694824218750
-0.0319833616416876215238218605918518733233213424682617188
-0.2893180576860538977257419901434332132339477539062500000
0.0829271917296622029791564045808627270162105560302734375
0.4606272917882976991599264238175237551331520080566406250
0.0116634095996232690223282091324108478147536516189575195
0.0286661616256590062734588286730286199599504470825195312
-0.1415536845990634506886607368869590573012828826904296875
-0.0510637173924807230562805671070236712694168090820312500
-0.1783078791417254671536340993043268099427223205566406250
0.4261112218337005375090598136011976748704910278320312500
0.1218822795590435298374032413448730949312448501586914062
0.2813744549111868442636819054314401000738143920898437500
0.0742742160917748278636807413022324908524751663208007812
0.2549527517316450553330753336922498419880867004394531250
0.3036667285010867800565392826683819293975830078125000000
-0.3007991171371062200101675898622488602995872497558593750
-0.5381584569292928721395696811669040471315383911132812500
-0.4708648504069883888867309451597975566983222961425781250
0.2754618283765347119818045484862523153424263000488281250
-0.4351654470320668877114655970217427238821983337402343750
0.2101772887261076916409763271076371893286705017089843750
0.2593486731290878810618494298978475853800773620605468750
-0.0678833158598710767472894644924963358789682388305664062
-0.3561923847364391049197251959412824362516403198242187500
0.0177745921464343217821557630031747976318001747131347656
-0.1605409322394000803946312316838884726166725158691406250
0.4960798776606445970038805626245448365807533264160156250
-0.3912089997923067774543426367017673328518867492675781250
0.0240415491185264618145822623773710802197456359863281250
0.4384812550447886869697811107471352443099021911621093750
-0.2759681867768623009240513965778518468141555786132812500
-0.2292639620694528201916284615435870364308357238769531250
0.1676453833189351372290332164993742480874061584472656250
-0.6177868507079493642919487683684565126895904541015625000
-0.4188265691106392019094073475571349263191223144531250000
0.2599433566173652288000539556378498673439025878906250000
0.5500433530745945098772153869504109025001525878906250000
-0.4027384546679586008188778123439988121390342712402343750
0.2800011190380617964734710767515935003757476806640625000
0.0995327191381388809432451125758234411478042602539062500
0.3843831410522874914015289959934307262301445007324218750
-0.3734482606381990255073333173641003668308258056640625000
0.3031165896920567370820265296060824766755104064941406250
0.2658463561302528699314962068456225097179412841796875000
0.2327421566351293158447788300691172480583190917968750000
-0.0610927836349418121320020702569308923557400703430175781
-0.4354494542040676097194307203608332201838493347167968750
-0.4091436610930203054969922504824353381991386413574218750
-0.4212463655985232979794830043829279020428657531738281250
0.3357024553009995693209077671781415119767189025878906250
-0.4469510623446370511935299418837530538439750671386718750
0.0658285833677292042676043593019130639731884002685546875
-0.2834790552400144325595476857415633276104927062988281250
0.7295231150760422833556617661088239401578903198242187500
-0.4727003583948911069612108803994487971067428588867187500
-0.4412359192108752936611892891960451379418373107910156250
-0.2857617983282947360379466772428713738918304443359375000
-0.4803286274718925885629516869812505319714546203613281250
-0.3176095199834007565264926142845069989562034606933593750
0.0663266109360279437767715648988087195903062820434570312
0.0268743177304486477452449832981073996052145957946777344
-0.4482716117174224135233373544906498864293098449707031250
-0.3133588841767002142191245184221770614385604858398437500
-0.5467345902969381610247978642291855067014694213867187500
-0.0522762077218575371695408193772891536355018615722656250
-0.0756542394681296165304118517269671428948640823364257812
0.3522721340216112828613859164761379361152648925781250000
0.3139027375193769731076542939263163134455680847167968750
-0.2859423096733558766757710145611781626939773559570312500
0.5067221387231560791875040195009205490350723266601562500
0.3904959498698528097548887672019191086292266845703125000
-0.1503638093584215851272745112510165199637413024902343750
-0.5425942935483197837598368096223566681146621704101562500
-0.4678570029420779929907325822568964213132858276367187500
-0.1391147504843822657605301174044143408536911010742187500
0.3072248102640931510798338877066271379590034484863281250
0.6220298996066250252212626037362497299909591674804687500
0.5660421953954978269152320535795297473669052124023437500
-0.1513150962078117500730911615391960367560386657714843750
0.4241579471020762159838568550185300409793853759765625000
-0.1714388345347483688652090449977549724280834197998046875
-0.0394492053378976414990120247239246964454650878906250000
0.4773905250708924130620403047942090779542922973632812500
0.3999702844434460669020836576237343251705169677734375000
-0.3594093760889891520093897270271554589271545410156250000
-0.6267986699721013188479901145910844206809997558593750000
0.3557016758950304335940018063411116600036621093750000000
0.3293489229742312951465521564387017861008644104003906250
0.2679709761567999337650292090984294191002845764160156250
-0.1635991140113700337277435892247012816369533538818359375
0.4346833027209175970284604773041792213916778564453125000
-0.0526294079779778267713652439852012321352958679199218750
-0.1727281833671736599455925897927954792976379394531250000
0.5191530123893439707671859650872647762298583984375000000
-0.2182058454505064470918540564525756053626537322998046875
-0.0728348435586703008004505477401835378259420394897460938
-0.3644859680705319626703442281723255291581153869628906250
0.3721880840047676053394809514429653063416481018066406250
-0.2942137915755192456579436566244112327694892883300781250
-0.5204471624652586836390355529147200286388397216796875000
0.2922438778665569225623244165035430341958999633789062500
-0.3592787946759594119860992122994503006339073181152343750
-0.4056915329403050773926509009470464661717414855957031250
-0.2552459881072711711524902966630179435014724731445312500
0.1273720506501484217576347646172507666051387786865234375
0.3583139062088848136866658933286089450120925903320312500
0.1740143374178305668564803454501088708639144897460937500
-0.3109002883787785331826114543218864127993583679199218750
0.3372654714446444157438520505820633843541145324707031250
0.1377136296932980064067209013956016860902309417724609375
0.4835924974288819400136674175882944837212562561035156250
-0.3279344562589928679940953770710621029138565063476562500
0.3042639382327667618710620445199310779571533203125000000
-0.0313470977241565168514014771972142625600099563598632812
0.2386838391773446754751120124637964181602001190185546875
0.2480438864230439799385408150556031614542007446289062500
0.4152909102975974597882213856792077422142028808593750000
0.1655326849570896707852796225779457017779350280761718750
0.2350154063205497356747741832805331796407699584960937500
-0.0922061657084020380725775112296105362474918365478515625
0.2541423114560957818852671152853872627019882202148437500
-0.4614024499776664400840786584012676030397415161132812500
0.4755850968352987040432822141156066209077835083007812500
-0.0245283603442473241429411245917435735464096069335937500
-0.4028204430725219609144005517009645700454711914062500000
-0.2226615792928423875896015715625253506004810333251953125
-0.1040724868054306306852652141969883814454078674316406250
0.2761800841556583119285050997859798371791839599609375000
-0.3214988829998235431162356690037995576858520507812500000
0.3644205625347614607711932421807432547211647033691406250
-0.3283634006832650831242403910437133163213729858398437500
-0.2658243092083421021953881790977902710437774658203125000
0.1331352303451998064787176190293394029140472412109375000
0.0497308933708988584743160288326180307194590568542480469
0.4719066270311988442465178650309098884463310241699218750
0.1238362339846162535339502142051060218364000320434570312
0.1308783399515989764871903844323242083191871643066406250
0.3685781784845977293585406187048647552728652954101562500
0.3925470350214679271516615699511021375656127929687500000
-0.2797631867567846875033410469768568873405456542968750000
0.2658788516657140665877534502214984968304634094238281250
0.2088292005927911976215227696229703724384307861328125000
0.0935057776541322743790729532520344946533441543579101562
-0.1677847722132375374304302795280818827450275421142578125
-0.0984353045336409937515753654224681667983531951904296875
-0.2064459228260720480285783651197561994194984436035156250
-0.3482780768672339988256680953782051801681518554687500000
-0.2085557957680485574591955355572281405329704284667968750
0.3154721590472198133880965542630292475223541259765625000
0.2019406964639369195246842991764424368739128112792968750
-0.0132817869111163944229048183842678554356098175048828125
0.1412187129393086826301129121929989196360111236572265625
-0.2912411899188184771780640858196420595049858093261718750
0.0635659494146122577840074541200010571628808975219726562
-0.0162740972140113411559259048999592778272926807403564453
-0.4624476590478085458180146360973594710230827331542968750
-0.1236580635780181874894267934905656147748231887817382812
-0.1858322474656172174078960779297631233930587768554687500
0.3944333062950796664480890285631176084280014038085937500
0.2219713153407518457793656807552906684577465057373046875
-0.2725904028373688503528171622747322544455528259277343750
-0.4295916278524526399351657346414867788553237915039062500
-0.4324212330992174835309072022937471047043800354003906250
-0.0996653684445396315094711781057412736117839813232421875
-0.4654743346044807328354409037274308502674102783203125000
0.1523671998004055838649151155550498515367507934570312500
0.6791928815118797313488130384939722716808319091796875000
0.1640528090516083226102495018494664691388607025146484375
-0.0691412221581692160166099370144365821033716201782226562
0.4322667660719186621953724625200266018509864807128906250
0.2308733653902814708658297604415565729141235351562500000
0.0019459419024285616421632294503751836600713431835174561
-0.5689649258401738851631534998887218534946441650390625000
0.0235444934234298845765476215774469892494380474090576172
0.1833219765958724600807272508973255753517150878906250000
0.7112208332480973727030004738480783998966217041015625000
0.5839500712553460370912716825841926038265228271484375000
0.0727954996473216542351991620307671837508678436279296875
0.1109860220012263143374298124399501830339431762695312500
-0.2359133903596790926560089474151027388870716094970703125
0.1699228827974995081895315252040745690464973449707031250
0.1947022421418087290145848555766860954463481903076171875
0.1965973642362816853346174639227683655917644500732421875
0.3971155463413883479617538796446751803159713745117187500
0.4469786503694336277092702403024304658174514770507812500
-0.2370092694932030563670366518636001273989677429199218750
-0.4158405551427964974564588374050799757242202758789062500
-0.3815416413839414766506763498910004273056983947753906250
-0.3894535072312241830161383404629305005073547363281250000
0.0743044757046011639101124046646873466670513153076171875
-0.2105549903402626488180260366789298132061958312988281250
0.2540774326613195466251227117027156054973602294921875000
-0.5551434921000745204011650457687210291624069213867187500
0.6275611819562741944267258986656088382005691528320312500
-0.3234066450872207232336563720309641212224960327148437500
0.1704117727533799309114215247973334044218063354492187500
-0.0910333307770946897896635618963045999407768249511718750
-0.1746720750866765647923983806322212330996990203857421875
0.0197944808064724545038082226255937712267041206359863281
0.0200842687990365614814081141048518475145101547241210938
-0.0412375537957598709004614079276507254689931869506835938
0.0505965745607788383586544966874498641118407249450683594
-0.3761651362300977297081772121600806713104248046875000000
-0.7059590383965848037206569642876274883747100830078125000
0.2838245622199560003195983881596475839614868164062500000
-0.0676853652416509743439121393748791888356208801269531250
0.2747044614742483736868905452865874394774436950683593750
-0.1072696431652609139195675425071385689079761505126953125
0.2094697881014636053897959300229558721184730529785156250
0.2626081455702318212530599339515902101993560791015625000
-0.2989594149319065863323885423596948385238647460937500000
0.2997716052990334612005085546115878969430923461914062500
-0.2910964120188464510086134851007955148816108703613281250
-0.0595748365094044551870666737158899195492267608642578125
0.0855501689512853935593028609218890778720378875732421875
0.6507256670626013761449257799540646374225616455078125000
0.8382639813013218477166788034082856029272079467773437500
0.0297752406675898702304028375920097460038959980010986328
0.5402438419021056148494608351029455661773681640625000000
0.2529661682748763906758426855958532541990280151367187500
0.0011269470186361808111685789413058955688029527664184570
0.2568881603887878117831178315100260078907012939453125000
-0.2466500847584378319776732269019703380763530731201171875
0.5751657940726411233356429875129833817481994628906250000
-0.1517855896118762148994107974431244656443595886230468750
0.0121511314469113056169202735645740176551043987274169922
-0.4856825246255379591175938003289047628641128540039062500
-0.3379747435694991919419294390536379069089889526367187500
0.2100544049497921617053464160562725737690925598144531250
0.2887424454358499814610183875629445537924766540527343750
-0.3187658205980436476600914375012507662177085876464843750
-0.0807194691003313563593124513317889068275690078735351562
-0.0309646056521370588443531346456438768655061721801757812
0.2975001472360033205610818640707293525338172912597656250
0.3253609800877214630610012591205304488539695739746093750
-0.1211519493570714783858832674923178274184465408325195312
-0.4349978402292739576573410431592492386698722839355468750
0.0465026734578898176541983389142842497676610946655273438
0.1975399094490861706674422748619690537452697753906250000
0.3144817388314948836125495290616527199745178222656250000
-0.3670560420813678281781733403477119281888008117675781250
-0.2394224258524409176818181776980054564774036407470703125
0.1887823204790849418444054208521265536546707153320312500
-0.5369973074479722496832323486160021275281906127929687500
0.0147452672695088261162199572140707459766417741775512695
-0.1652240044026885013028760340603184886276721954345703125
-0.0604084044481343340748935588635504245758056640625000000
0.1412787823781867513339705055841477587819099426269531250
-0.3624105312730905303908457426587119698524475097656250000
-0.0917788393072644648196245498183998279273509979248046875
-0.0390329221699980688509157289445283822715282440185546875
-0.0623370340487974725074415971448615891858935356140136719
0.2663316233941728783385372025804826989769935607910156250
-0.6183325295994026582491187582490965723991394042968750000
-0.3704084003273556691127055273682344704866409301757812500
-0.2704397673887914410606470028142211958765983581542968750
0.6419982113165753068173557949194218963384628295898437500
0.3396537728948990086941250865493202582001686096191406250
-0.3115288494116982276338490009948145598173141479492187500
-0.0831321816864712404004933432588586583733558654785156250
-0.6081658618688227102566656867566052824258804321289062500
-0.1639351836431271469685100328206317499279975891113281250
0.3021398718271666727908097982435720041394233703613281250
0.0844696948551546672456780129323306027799844741821289062
0.3519787023219694277464952847367385402321815490722656250
-0.1790045278290717245539553914568386971950531005859375000
-0.0106467479956333758994713178935853647999465465545654297
-0.4412939467195172160707272723811911419034004211425781250
0.1510652842418329366847018491171183995902538299560546875
0.0348096056293902902933901088999846251681447029113769531
0.0413381905517826095386446638713096035644412040710449219
0.0520792007144223398351634557457146001979708671569824219
0.4576803179503491358914857300987932831048965454101562500
0.9367165012597644668801422085380181670188903808593750000
0.2576514220438799740442448182875523343682289123535156250
0.2760357309569106409874450491770403459668159484863281250
0.1539463515312033403681368781690252944827079772949218750
0.3578763374876594016704700607078848406672477722167968750
0.5363381144403337463799630313587840646505355834960937500
-0.2573687383988680354995892685110447928309440612792968750
-0.0221787379966633911576590065806158236227929592132568359
0.1695843727372489673221878092590486630797386169433593750
0.5271797547312762066695768226054497063159942626953125000
0.0675190550455598836876447421673219650983810424804687500
0.2150074083622507958857283938414184376597404479980468750
-0.5601857885308550999425847294332925230264663696289062500
-0.0327871295587758779244147433473699493333697319030761719
0.1021500794126120742477681346827012021094560623168945312
-0.3823607448056638435929244224098511040210723876953125000
0.3144532215269217889641595320426858961582183837890625000
-0.0584064316741907882390982820197677938267588615417480469
0.4016931576999193675980848183826310560107231140136718750
-0.1823772002721240348410702836190466769039630889892578125
-0.6985308026137652115394871543685439974069595336914062500
-0.3223749684875431009700719187094364315271377563476562500
-0.0930430073568005444606399123586015775799751281738281250
0.3794663542136387235359507030807435512542724609375000000
0.4882286325919829583774856018862919881939888000488281250
0.4674168975139488813042021320143248885869979858398437500
-0.1121495703725868126054976414707198273390531539916992188
-0.4992930168760420506224306791409617289900779724121093750
-0.2447398181809711525946937626940780319273471832275390625
0.1136115748007709980171853203501086682081222534179687500
-0.0982135383306421971827404604482580907642841339111328125
0.2363742851756573948307504906551912426948547363281250000
-0.6743160882973533443163205447490327060222625732421875000
-0.4925758529796089302266182130551896989345550537109375000
-0.2972574125642990505724583272240124642848968505859375000
0.3979831020500665950123675429495051503181457519531250000
0.2571783486528978479590534789167577400803565979003906250
-0.5103327127608389135460242869157809764146804809570312500
0.0533657181913063383138506878822227008640766143798828125
-0.1976801946061838011203803944226820021867752075195312500
-0.2626501519212594559782303349493304267525672912597656250
0.1796338244435362607731576645164750516414642333984375000
-0.6300912319505211911518927081488072872161865234375000000
0.2667041799856093575726845301687717437744140625000000000
0.3911634221564821434213854445260949432849884033203125000
0.3926693301922908330148231925704749301075935363769531250
-0.4414060443861143601118612878053681924939155578613281250
-0.3635025710045661773150982298830058425664901733398437500
-0.3152456861059338422137443558312952518463134765625000000
-0.2749078441202247868879737779934657737612724304199218750
-1.1044739141401540560849525718367658555507659912109375000
-0.0153921154017627563603820561866086791269481182098388672
-0.0899564219118309110756470658998296130448579788208007812
0.1156449433010346417027847110148286446928977966308593750
-0.0779816454396574654239771007269155234098434448242187500
0.2888534318594366823162999935448169708251953125000000000
0.1165721465908664683519546656498278025537729263305664062
0.0777070203405261644702406442775100003927946090698242188
0.1174106361118849167768374286424659658223390579223632812
-0.0460287603834120748191871541621367214247584342956542969
0.5451418691422629247966824550530873239040374755859375000
-0.2426668218574352109406788713386049494147300720214843750
-0.5348899977712424647080524664488621056079864501953125000
-0.3925307504955051762784989932697499170899391174316406250
-0.0102996360208129911217866947481525130569934844970703125
-0.1933256892963418627218175060988869518041610717773437500
0.3051214314471685229435138353437650948762893676757812500
0.0410513453577184897480556458049250068143010139465332031
-0.0655516585490925618451285572518827393651008605957031250
0.6973123610185331111566142681112978607416152954101562500
0.0058016662596769297266519060940481722354888916015625000
0.0855455660919535731956386825913796201348304748535156250
0.0881463696803152924053037509111163672059774398803710938
-0.0479535981399274655045950055409775814041495323181152344
-0.0520688088616496416727308371719118440523743629455566406
0.0394477385931160245968740696298482362180948257446289062
0.2625471579215442052834816877293633297085762023925781250
0.1820007211437448535473748734148102812469005584716796875
0.2926393233283631212238162788707995787262916564941406250
0.1993784637036574436397273757393122650682926177978515625
0.1066168616973469374098471007528132759034633636474609375
-0.3558818694502492996356579624261939898133277893066406250
-0.1805098455395751089191946903156349435448646545410156250
-0.2024865584794668382784266214002855122089385986328125000
-0.0056413863193729048284286164971490507014095783233642578
0.1115753740989060271981969663102063350379467010498046875
-0.0527399452189245276922946459308150224387645721435546875
-0.0103847239359459060648038786212055128999054431915283203
-0.0556375769731979608057059749626205302774906158447265625
-0.1518346716528967688120133061602246016263961791992187500
0.0276609021605406582566821782620536396279931068420410156
-0.2254263407452649359274943208220065571367740631103515625
0.1426118129867349482164939900030731223523616790771484375
0.0114908564778475053014261675343732349574565887451171875
0.0189685269676344928080347074228484416380524635314941406
0.0665709076322739540243489386739383917301893234252929688
0.0556097758276945519639866688521578907966613769531250000
-0.1222884478472858887920793335979396943002939224243164062
0.0693236270521290082191612214046472217887639999389648438
-0.0708922995605875960745123620654339902102947235107421875
-0.0019349508085717906369360719054384389892220497131347656
0.3792632184435660858135008766112150624394416809082031250
0.0704608255499753061146250843194138724356889724731445312
-0.0177666775165845579331769243935923441313207149505615234
0.0053356893441990297516364094576601928565651178359985352
0.4145570650814379698445577560050878673791885375976562500
-0.0679577393735224383197746078622003551572561264038085938
0.1023538783913137684145056027773534879088401794433593750
-0.0773912371951554350912871882428589742630720138549804688
0.1756534745624612203762637818726943805813789367675781250
-0.1230435056558407402871324620718951337039470672607421875
0.2426275861991476490153729628218570724129676818847656250
-0.1468233795886876302816403949691448360681533813476562500
0.3010865512226797990891213885333854705095291137695312500
0.0546191669132687143695115139507834101095795631408691406
-0.2434213545998551164739609475873294286429882049560546875
-0.1320154691497370802455435523370397277176380157470703125
-0.2932708378863925213764218824508134275674819946289062500
-0.1385535286050418313230636613297974690794944763183593750
-0.1863807487186663058853497432210133410990238189697265625
-0.0817883477412239129344939669863379094749689102172851562
0.2834152274739367149969382353447144851088523864746093750
0.1750582756633542735880126883785123936831951141357421875
0.1315314140027015188394443612196482717990875244140625000
-0.0352172846663122152133240660987212322652339935302734375
0.0696464455705443075128613372726249508559703826904296875
0.1460855928870707365341274908132618293166160583496093750
0.3052736367027073516311475032125599682331085205078125000
0.1668354193378903671529656094207894057035446166992187500
0.2400182389820409711855830892091034911572933197021484375
0.0077726743416575531930856612916613812558352947235107422
-0.0717959200798466978810097316454630345106124877929687500
-0.2041589295009897664368025971270981244742870330810546875
0.0356116631681241413431848741311114281415939331054687500
1.2605052810834820320451399311423301696777343750000000000
0.0827545696686385057194712544514914043247699737548828125
-0.8848650225423551063386184978298842906951904296875000000
0.4814079030023769023571844627440441399812698364257812500
0.5480929598724794127306836344359908252954483032226562500
-0.5858248312838059135287949175108224153518676757812500000
1.2174961851593897321777149045374244451522827148437500000
0.0694467837799833676015737182751763612031936645507812500
-0.9491234487726600832502299454063177108764648437500000000
0.3822778046884563463159167895355494692921638488769531250
0.0165931236147580617179553286177906556986272335052490234
0.0854536737669255586080652165037463419139385223388671875
-0.1112559899839938443166786896654230076819658279418945312
-0.2049314762887163021698455622754408977925777435302734375
-0.1290915466930655230992641691045719198882579803466796875
-0.1710855431577526231112784671495319344103336334228515625
-0.0117794487635037373185475928494270192459225654602050781
0.0132376255068406278869730385849834419786930084228515625
0.1463057871838523427143741173495072871446609497070312500
0.0306122008896264827249034112810477381572127342224121094
-0.5776710774401425663171494306880049407482147216796875000
-0.2718845036085152933047481838002568110823631286621093750
0.2984108037843766214614049658848671242594718933105468750
0.4703756060902588576055904923123307526111602783203125000
-0.5461177969855188774062071388470940291881561279296875000
0.5493890120061984960742051953275222331285476684570312500
-0.3624538600523025677624389118136605247855186462402343750
-0.1680625265130287204762282726733246818184852600097656250
0.0387626638847450161184937655889370944350957870483398438
0.0587837376695444016605485160198441008105874061584472656
-0.7979203033471836681300715099496301263570785522460937500
-0.0851031345753344020677033654465049039572477340698242188
0.1181869025309394832801146435485861729830503463745117188
0.5137650101597833751654320622037630528211593627929687500
-0.4589483259131283965359671128680929541587829589843750000
0.2900982420129179506496086560218827798962593078613281250
-0.8148519549885145929479790538607630878686904907226562500
-0.0964934232752811399391745794673624914139509201049804688
0.6721135174890613406262218632036820054054260253906250000
-0.0758836690169031463648607882532814983278512954711914062
-0.0258311155401368952588825322891352698206901550292968750
-0.0927104717923444149318967788531153928488492965698242188
-0.1172726241152823589697362649530987255275249481201171875
-0.3284135865576844337532236295373877510428428649902343750
-0.1332145361354042378820849990006536245346069335937500000
-0.1618606448827623056629931852512527257204055786132812500
-0.0091748437812009808745017380715580657124519348144531250
0.2965680939312934638607544002297800034284591674804687500
0.1395893972574917263340665840587462298572063446044921875
-0.0023907522859707083795477444709831615909934043884277344
1.1265643794240489672375815644045360386371612548828125000
1.1394705679566232703336936538107693195343017578125000000
-0.0005756499746048665544506661717605311423540115356445312
-0.0004188782463555133783739137243173900060355663299560547
-0.5270697394047751949130997672909870743751525878906250000
-0.5642138493256866338398936022713314741849899291992187500
-0.0024841964663922244671567796103772707283496856689453125
-0.0022718034927665942124264120138832367956638336181640625
0.4290233601901370930065127140551339834928512573242187500
0.4620768143452045895180901879939483478665351867675781250
-0.5073176069918282626858285766502376645803451538085937500
-0.5344168753691601603250660446065012365579605102539062500
0.9700428043474214057084736850811168551445007324218750000
0.9824420785105079101384717432665638625621795654296875000
0.0016727304961519778858658469289366621524095535278320312
0.0017006483511048491041872665618939208798110485076904297
-0.7311757172254340630956903623882681131362915039062500000
-0.7631537024155958803817156876903027296066284179687500000
0.3048601886109004732716698526928666979074478149414062500
0.3097528491749338974692307147051906213164329528808593750
0.0594617752895014450853494736293214373290538787841796875
0.0599645214817347838032191020829486660659313201904296875
