nn
4,10,10,2
dIn
1,2,3,4,5,6,7,8,9,10,11,12,13,14,15,16,17,18,19,20,21,22,23,24
dIntern
,
dOut
1,2,3,4,5,6,7,8,9,10,11,12,13,14,15,16,17,18,19,20,21,22,23,24
normP
1.0,1.0,1.0,1.0
normY
1.0,1.0
w
0.0174795681122386879768892953279646462760865688323974609
0.0520206964488185777395479192364291520789265632629394531
-0.4566803623369597997516677878593327477574348449707031250
-0.0993451677028792529133838229427055921405553817749023438
-0.3731459839321404903245138484635390341281890869140625000
0.1139100637612104199858364950159739237278699874877929688
0.1059847838365170630270384322102472651749849319458007812
-0.0966942646232408636874922081005934160202741622924804688
-0.0366422434215032469251305258239881368353962898254394531
0.0353590086664614181022336936166539089754223823547363281
-0.0563329738243816061094015879007201874628663063049316406
-0.0054877047024819072124079966101817262824624776840209961
-0.2002537526153880254042860542540438473224639892578125000
0.0219441701544602595086441709781865938566625118255615234
-0.0588628709832006644098179037882800912484526634216308594
0.2777488360880699391763926087151048704981803894042968750
-0.0657040055589794558255078982256236486136913299560546875
0.1602990674568871842797790350232389755547046661376953125
0.0719941474675511172698350037535419687628746032714843750
-0.0400012612168351155972345623013097792863845825195312500
-0.1590966996336140582002371957059949636459350585937500000
0.2708631736377400955895211609458783641457557678222656250
0.1911780452753585046732354157938971184194087982177734375
0.3582820408311267468270955305342795327305793762207031250
-0.1255165149642107069727359203170635737478733062744140625
0.0528938777804757107037225694057269720360636711120605469
-0.4154359685416472713903601743368199095129966735839843750
-0.3780103698180874993717281995486700907349586486816406250
-0.0651290985880923350981319686070492025464773178100585938
-0.3591401647398432261937273324292618781328201293945312500
-0.0224234869167044825744028457847889512777328491210937500
0.0356860016151505851644820666024315869435667991638183594
-0.4310104404150689183516931279882555827498435974121093750
-0.0123696257900281804398279206225197413004934787750244141
-0.2579535222802982752376976804953301325440406799316406250
0.1041756716705216773144471176237857434898614883422851562
0.0256125333610113248283823850215412676334381103515625000
-0.0931196337899349579902974483047728426754474639892578125
-0.0287200139558447010978969871075605624355375766754150391
-0.1285472063401724707176754236570559442043304443359375000
-0.0666324354147485031774067465448752045631408691406250000
0.1575408771472785185441267685746424831449985504150390625
-0.2962351432873162049297377507173223420977592468261718750
0.0010749465744148854664391512514498572272714227437973022
-0.0903904450533316305982367566684843041002750396728515625
0.0838906149436521308970782229152973741292953491210937500
-0.0018520302915445833492891214433484492474235594272613525
-0.1223116959853083052234268279789830558001995086669921875
0.0320173087865033983989704324812919367104768753051757812
-0.0419249582653863292480700408759730635210871696472167969
-0.1200862739175366927790733484471275005489587783813476562
-0.1491263661277694163587170805840287357568740844726562500
-0.0564841206195022607627898025839385809376835823059082031
0.1144516808085209308432084185369603801518678665161132812
-0.0229748198104575869493704232127129216678440570831298828
0.0709108821701818908822545495240774471312761306762695312
-0.0526367144064746814158262111504882341250777244567871094
0.0384132019784574757492734420338820200413465499877929688
-0.0317619309773242430861017737697693519294261932373046875
-0.1016040596044750082826979564742941875010728836059570312
0.1258277863227911519405921580982976593077182769775390625
0.5040500935371560187192585544835310429334640502929687500
0.2054969296335965034394632766634458675980567932128906250
-0.4347155475043303907156655441212933510541915893554687500
0.3028853448635792644516584459779551252722740173339843750
-0.2131291094211686387716042645479319617152214050292968750
0.0434740812096877995984733900058927247300744056701660156
0.2176717140534453198696951403690036386251449584960937500
-0.0422257109764092170012261817646503914147615432739257812
0.3318371784222585718637787977058906108140945434570312500
0.1695684201320129536050274055014597252011299133300781250
-0.1437671209080268186486506465371348895132541656494140625
0.3659733448583994963598797767190262675285339355468750000
0.3601902798584523668345980240701464936137199401855468750
-0.0230811633224431850264224408419977407902479171752929688
0.2978904390859781758926771999540505930781364440917968750
0.2356678555999469903969867345949751324951648712158203125
0.4052496030158827533540488730068318545818328857421875000
-0.0734119669600336727244282997162372339516878128051757812
-0.0710652441531993972478886689714272506535053253173828125
-0.0498913646875531816005100438360386760905385017395019531
-0.0401682729457069065404084540205076336860656738281250000
-0.4209418680177172689127473859116435050964355468750000000
0.0245602338223465561928282596682038274593651294708251953
0.0275868771776939629425395850148561294190585613250732422
0.2710134772632638577860575423983391374349594116210937500
-0.0440596104554106665629475969581108074635267257690429688
0.3198678504088020568829620060569141060113906860351562500
-0.0273621679821055702186427538435964379459619522094726562
-0.0285100588327437190483415463404526235535740852355957031
0.0029439263149766124218198459772111164056695997714996338
-0.0661110794755178782233784318123070988804101943969726562
-0.0862053505890473109607441415391804184764623641967773438
0.0431083470778368393894197652116417884826660156250000000
0.1384114974767575723113566255051409825682640075683593750
-0.1930346795318182151479646790903643704950809478759765625
-0.0687481458458933381017175179295009002089500427246093750
0.1408742429200779966436130052898079156875610351562500000
0.0746030063054707454073266603700176347047090530395507812
-0.0097434253710060193115483073711402539629489183425903320
0.0537749845729127498583643784968444379046559333801269531
0.4134441692091719855461917632055701687932014465332031250
0.1838307830237629614256178456344059668481349945068359375
0.2230784566943561642027304969815304502844810485839843750
-0.3161051098664606762156381591921672224998474121093750000
0.0491154052411159267044205023466929560527205467224121094
0.2700445215159346101785331484279595315456390380859375000
-0.2236324748646716376043741547618992626667022705078125000
-0.0986905252181103503916759223102417308837175369262695312
0.0264655322829334092860076310671502142213284969329833984
-0.2010229657890875987202861097102868370711803436279296875
-0.4799488331416318365185702532471623271703720092773437500
-0.3819542864071823751181966599688166752457618713378906250
0.1632917198149119730743450418231077492237091064453125000
0.0122712619969019016280542544450327113736420869827270508
0.2127019453694962425327474875302868895232677459716796875
0.1816504944241391639181415484927129000425338745117187500
-0.2313209050814797052009197386723826639354228973388671875
0.2275258015540442546598143280789372511208057403564453125
0.1103312796312251181651831188901269342750310897827148438
0.0496926550912259873404863697032851632684469223022460938
0.0948080235740325211191148468969913665205240249633789062
0.2650048785594513733876453898119507357478141784667968750
0.0135966938418726999981966940822530887089669704437255859
0.1598395477302474720904257310394314117729663848876953125
-0.1183527420392408435745323913579341024160385131835937500
-0.1223426010572281896759960773124475963413715362548828125
0.1644299507979995467188416569115361198782920837402343750
0.1584098025737977477600537667967728339135646820068359375
0.0255219155601662667232076842083188239485025405883789062
0.0699319821033780458785500400153978262096643447875976562
-0.1055639826475037873487750061940460000187158584594726562
-0.0148469438842645778259266009513339668046683073043823242
-0.0591115935829830407843843431692221201956272125244140625
-0.0067769316745909663479707774058624636381864547729492188
0.0111929201061152974044921037943822739180177450180053711
0.0577653042097082680683683975075837224721908569335937500
0.0522301589013362474456236839159828377887606620788574219
-0.0381000559237568356407699354804208269342780113220214844
0.0572289966614021455848515529396536294370889663696289062
-0.4437342594635897419230730065464740619063377380371093750
-0.2624629073839608306428772266372106969356536865234375000
0.0870064516308461377569472006143769249320030212402343750
-0.4457373670993575731635871761682210490107536315917968750
-0.4448807582086916623254069236281793564558029174804687500
0.3585101094280738753816706321231322363018989562988281250
0.2578505971279498876214120173244737088680267333984375000
0.2240527478244621339964481876450008712708950042724609375
-0.0466687317931949383065237668688496341928839683532714844
-0.0237824388300274976171255758572442573495209217071533203
-0.3241564102724381335463021969189867377281188964843750000
0.1616187829850452006841265983894118107855319976806640625
0.3901253013818530290812702787661692127585411071777343750
-0.0305523046484797340671679677370775607414543628692626953
-0.2256700508600078258769627836954896338284015655517578125
0.0351387849981171299096338600520539330318570137023925781
-0.2523434992401532572792177688825177028775215148925781250
0.4662179135544687880177150418603559955954551696777343750
-0.3483905002459349309340552736102836206555366516113281250
-0.0325090292767419020147912078755325637757778167724609375
0.0707932721554915544981412267588893882930278778076171875
0.1278484615470300012063376016158144921064376831054687500
0.0812776309965327209416940945629903580993413925170898438
-0.0311189725565649520644395664703552029095590114593505859
-0.0358136868133012570281081821121915709227323532104492188
0.1282494567969642285110154489302658475935459136962890625
-0.0329711194489803252616333395508263492956757545471191406
0.2374806970828333974043999887726386077702045440673828125
0.0048995802675354770128191006506312987767159938812255859
0.0581266427475894617571405831313313683494925498962402344
0.0660290203082726234740107429388444870710372924804687500
-0.1350528093928715922533712046060827560722827911376953125
0.0768470953736318102000879548540979158133268356323242188
0.0063560616523212973283385451850335812196135520935058594
0.0977180145760944141031245635531377047300338745117187500
0.2199664431830171962278797082035453058779239654541015625
-0.0295516300125439473900357256752613466233015060424804688
0.2293478309947905302568216256986488588154315948486328125
-0.0191631380916926427615543104820972075685858726501464844
0.0418255893483999025006525585013150703161954879760742188
0.1542162825036544615553424364406964741647243499755859375
0.3870343679960766003489425202133134007453918457031250000
-0.1976873552565835134853244881014688871800899505615234375
-0.4734202321099755805811071240896126255393028259277343750
0.0316194253732678884349915904294903157278895378112792969
0.1045845794452027882615041676217515487223863601684570312
-0.3278107871287584407227200244960840791463851928710937500
-0.0060008801149463086507807041414253035327419638633728027
-0.2775013894806286907090964177768910303711891174316406250
0.1572128616901964370811128901550546288490295410156250000
0.2566640400874602434555526997428387403488159179687500000
-0.1492494106120666186310330658670864067971706390380859375
-0.1242475899665021060735980995559657458215951919555664062
0.4197999714448045205372750388050917536020278930664062500
0.1582155188837639225862830016922089271247386932373046875
-0.4310578329763941063390575436642393469810485839843750000
0.4209775111115148793494711298990296199917793273925781250
-0.0790059199773628095808675197986303828656673431396484375
-0.0130074181282178388818770997659157728776335716247558594
-0.2616582159590297718132489990239264443516731262207031250
-0.0200947213890632150889992146858276100829243659973144531
-0.2368243988415176526363126185970031656324863433837890625
0.1789970507854569403694000584437162615358829498291015625
0.0671956560274687281220096224387816619127988815307617188
0.2792883234206166576107932542072376236319541931152343750
0.1819169302328107473698537432937882840633392333984375000
-0.0636798340837043119755378484114771708846092224121093750
0.0638460908630544970998599296763131860643625259399414062
0.0779988015201562301381699171543004922568798065185546875
-0.0343352094107914757037391950689197983592748641967773438
0.0994185508350604735250399812684918288141489028930664062
0.2318861183461702890618028050084831193089485168457031250
0.2414147099766464354964057292818324640393257141113281250
-0.0438831072384325698854112829394580330699682235717773438
-0.1116555028982350872279738496217760257422924041748046875
-0.3185808651264045998630081157898530364036560058593750000
-0.0475804803184315255881742245946952607482671737670898438
-0.0887963496479575176145715431630378589034080505371093750
0.1403097973625090366667222951946314424276351928710937500
0.0690171919695341251621556466488982550799846649169921875
-0.1281119470794324366469396636603050865232944488525390625
-0.3345507687301918497979613675852306187152862548828125000
0.3327440089221579966327624333644052967429161071777343750
-0.2812872871701336818794914051977684721350669860839843750
-0.4080389704837875108900391296629095450043678283691406250
-0.2988592651853357873292793556174729019403457641601562500
-0.0255614558303947358997021410687011666595935821533203125
-0.0661227108110244432559454708098201081156730651855468750
-0.0025727028054160941232531012445861051674000918865203857
-0.1040644038631419743268224920029751956462860107421875000
0.0715815924900529559904427401306747924536466598510742188
0.2671522882042409174907504620932741090655326843261718750
-0.5046291735088211938276003820647019892930984497070312500
0.3866994978044116515469852402020478621125221252441406250
0.1122341458562699373358029220071330200880765914916992188
-0.0119327623089551439899969054181383398827165365219116211
0.3235672233733049574233575640391791239380836486816406250
-0.1791903841719465761972429618253954686224460601806640625
-0.3842540151417549454393451924261171370744705200195312500
0.0942285959461632571798617163949529640376567840576171875
0.0570712013798282402632366938632912933826446533203125000
0.1948123451620347723611814672040054574608802795410156250
-0.0135073502602572875080921832591229758691042661666870117
-0.0975354933360901843464318972110049799084663391113281250
0.1675190213288081653164596218630322255194187164306640625
-0.2129474786963007071349807119986508041620254516601562500
0.0789042075802497827607950853234797250479459762573242188
-0.0650867754256835434611971891172288451343774795532226562
-0.0516787878114286780562025569452089257538318634033203125
0.0635077378160116973182525157426425721496343612670898438
-0.0341047954018215068727748473520478000864386558532714844
0.1557594468166916545914801872640964575111865997314453125
0.0618769878757154737081158657474588835611939430236816406
0.0626061666596907651083370183187071233987808227539062500
-0.1190848596809112314165446377955959178507328033447265625
-0.2844160425107646883446932406513951718807220458984375000
-0.0748747172615324141364823162803077138960361480712890625
0.0081815357128087583954423323007176804821938276290893555
0.0283937332537098074958237248210934922099113464355468750
-0.0340117497907341179153029031567712081596255302429199219
-0.5222005745973782309121702382981311529874801635742187500
0.2063219641867639619903229686315171420574188232421875000
0.2618921036426414272746399092284264042973518371582031250
0.5459050052069820413436218586866743862628936767578125000
0.0560956628744135807340676080912089673802256584167480469
-0.0315127090846646432109601221327466191723942756652832031
-0.1452706189182765283973708392295520752668380737304687500
-0.2972372952718074223810162948211655020713806152343750000
-0.3283059769353745549480549925647210329771041870117187500
-0.2272114303821157199614333421777701005339622497558593750
0.0593122556455050534141015816658182302489876747131347656
-0.3397873814216048615755028095009038224816322326660156250
0.1836762548177025000661899412079947069287300109863281250
-0.4690798912844966195301310563081642612814903259277343750
0.0012021714781431079317047805332663301669526845216751099
0.2398730027073877890675390744945616461336612701416015625
-0.0789466702570331552157867349706066306680440902709960938
0.0439748337608618436456175970761250937357544898986816406
-0.3894080806303665265311053644836647436022758483886718750
0.3614096966799200671971448173280805349349975585937500000
0.0118540773404220180220480784782921546138823032379150391
-0.1152955202335154694104346617677947506308555603027343750
-0.0221585100993108401190578859996094251982867717742919922
0.0133518120818659508791670376126603514421731233596801758
-0.0625299359307772972815797629664302803575992584228515625
0.0812907849805674515009101810392166953533887863159179688
-0.0218971659876187746407438794449262786656618118286132812
0.0754036466172904179527947121641773264855146408081054688
0.0163994573154874825893223544426291482523083686828613281
0.0029870968932008946060407961198279735981486737728118896
0.0253323110571525532408454495225669234059751033782958984
-0.1648139225537973151514137271078652702271938323974609375
0.2967884007095598630776578374934615567326545715332031250
0.0096891837383752468793041146000177832320332527160644531
-0.0284823926847758840397162316548929084092378616333007812
-0.2304203064566092695741872375947423279285430908203125000
0.0092212569664892433951575156925173359923064708709716797
-0.0750244201046134789878649939964816439896821975708007812
0.0288761609048841377811456254676159005612134933471679688
0.0064803129247261951478842334495311661157757043838500977
-0.2370656562787109011836150784802157431840896606445312500
-0.2945750638815173294560167960298713296651840209960937500
0.0389869131166029753154944614834676031023263931274414062
0.7356461853812537032837326478329487144947052001953125000
-0.1638731572085538323868547649908578023314476013183593750
0.5646265476233642832681880463496781885623931884765625000
-0.0743071741995887380394236743086366914212703704833984375
0.6250852690767584318720651026524137705564498901367187500
0.3514416421189429651228408602037234231829643249511718750
-0.3444211037410813691650446344283409416675567626953125000
0.0436657963664371720491352846238441998139023780822753906
0.5804244928273625259151913269306533038616180419921875000
0.3491601373509484185220230756385717540979385375976562500
-0.0516400504544612046209373090732697164639830589294433594
0.2987503824826230336419996547192567959427833557128906250
0.3425811043361555729980238993448438122868537902832031250
0.3012525027965135548946307153528323397040367126464843750
-0.3444020475993734287101233348948881030082702636718750000
0.6225983679316638985667964334425050765275955200195312500
0.0685533371515383016525646553418482653796672821044921875
-0.0275375217995234324031006423183498554863035678863525391
0.2230271975574609211179222256760112941265106201171875000
-0.2526706946392400787715359911089763045310974121093750000
0.0350627674510921374939620420718711102381348609924316406
-0.4369092577431674118138005269429413601756095886230468750
-0.1764916700367430701934523540330701507627964019775390625
-0.0530479633328570995831618972715659765526652336120605469
0.1128638046707509945409952933914610184729099273681640625
-0.0299657250385791697200321692662328132428228855133056641
-0.0190148238267272284840458951293840073049068450927734375
0.0006816872324744227898407622490140056470409035682678223
0.2948642311249675129758429648063611239194869995117187500
0.2083315136122175226240926804166520014405250549316406250
-0.0341132030315069723069854035202297382056713104248046875
0.2637500378859285454780092550208792090415954589843750000
0.1497428419620224215869086492602946236729621887207031250
-0.0243580821087827845139450744227360701188445091247558594
-0.0214585673018326712757630758687810157425701618194580078
0.0557297557775109989042228164635162102058529853820800781
0.0130403072738542579606102478351203899364918470382690430
-0.0781124394109043856948559891861805226653814315795898438
-0.3513872021890879215888503495079930871725082397460937500
0.3745150755042173651432335645949933677911758422851562500
0.3312005765735181461728586782555794343352317810058593750
0.1979668505207646256316422750387573614716529846191406250
-0.0448907355850923575624200623224169248715043067932128906
-0.1353447420546567969701357014855602756142616271972656250
0.3345317010919960365455949613533448427915573120117187500
-0.0967491593193266496975013524206588044762611389160156250
0.0080850605007695350301410996962658828124403953552246094
0.2869585070485239919335640479403082281351089477539062500
0.5232375242577604890215070554404519498348236083984375000
0.4778543380546509955486556009418563917279243469238281250
0.1244967753561362910907917012082180008292198181152343750
-0.3680457549086943447314013155846623703837394714355468750
0.2028807309258403579477203493297565728425979614257812500
-0.4078364665144822431841475918190553784370422363281250000
0.1426419873948982508515825884387595579028129577636718750
0.5153780312681975894761876588745508342981338500976562500
0.1050087579899605383371152811378124170005321502685546875
-0.0805665823332349095853288645230350084602832794189453125
-0.0180289375460600115319564906712912488728761672973632812
-0.0017807629577447181383476060290149689535610377788543701
-0.0012599231074332925463948873456843102758284658193588257
0.1708055740220031648579634975249064154922962188720703125
-0.1227272362686366441453245101911306846886873245239257812
0.0579230888640876948048052952344733057543635368347167969
-0.1609351716487388006537884166391449980437755584716796875
-0.0145924227625123456575373381838289787992835044860839844
-0.0515642840222490239643349241305259056389331817626953125
-0.1153659732924939840259526135923806577920913696289062500
0.0347221506236768256981051194998144637793302536010742188
0.1268078088973576267317611154794576577842235565185546875
0.0892305155167419927764171916351187974214553833007812500
-0.1709808872726367723338114501530071720480918884277343750
-0.5686753559698788373921729544235859066247940063476562500
-0.0742188675245713525008284250361612066626548767089843750
0.0382842200236079843733705274644307792186737060546875000
0.0393534116874168990451998695334623334929347038269042969
-0.0933900926050110075093968475812289398163557052612304688
0.1699512216728450708647102374015958048403263092041015625
0.0663904688627680039658685018366668373346328735351562500
-0.0673349613995224000051464940952428150922060012817382812
0.3461327639650790821690407028654590249061584472656250000
-0.2159944550402646823439312129266909323632717132568359375
-0.4289517986421909068184277202817611396312713623046875000
0.4180319128868935085741043167217867448925971984863281250
0.1397100840495361928628170744559611193835735321044921875
0.0885767768691332613162359166381065733730792999267578125
-0.1440706514250582603864359043654985725879669189453125000
-0.1508297030904005020524039082374656572937965393066406250
-0.2932056650851305734661877977487165480852127075195312500
0.1190793450859594232449367723347677383571863174438476562
0.6063902550701270044442026119213551282882690429687500000
0.1693833864714919812399784859735518693923950195312500000
-0.4127172830114744783713831566274166107177734375000000000
-0.2113711780953570207319813789581530727446079254150390625
0.3419456071640106231690481308760354295372962951660156250
-0.1695056497594845390519679995122714899480342864990234375
-0.1865074027181098936800651699741138145327568054199218750
-0.0326065019877163492223459684282715898007154464721679688
0.0188969861475385657312298093302160850726068019866943359
0.0983642415229084299266304469711030833423137664794921875
-0.0126808363268949772506566375795955536887049674987792969
0.2299354638768890957134516384030575864017009735107421875
0.2681450841757460068492946447804570198059082031250000000
-0.0043052104977446201128365999011293752118945121765136719
-0.0008734440516296225823222876272211578907445073127746582
0.0639174173320464084069314480984758120030164718627929688
-0.0184095745256048770599477393261622637510299682617187500
-0.0685614284168716003886601129124755971133708953857421875
0.0165411681893973781798390376707175164483487606048583984
-0.6445294103101717464454623041092418134212493896484375000
0.0025727439846025593715717061371606177999638020992279053
-0.4088020330139071067954148475109832361340522766113281250
0.3203266393412524948303143901284784078598022460937500000
0.0170154045911337613306013594183241366408765316009521484
0.0485660890600713643361352467309188796207308769226074219
-0.0494520936912721670308812349503568839281797409057617188
-0.0394232977023152644791004206581419566646218299865722656
0.1374102665965797609448628691097837872803211212158203125
-0.3348121702039846270260170513211051002144813537597656250
0.1382382392599479092876180175153422169387340545654296875
0.3548557866902367630146386545675341039896011352539062500
-0.4633300722529863358012391927331918850541114807128906250
-0.2075904956962398573150352376615046523511409759521484375
0.3898821346925678832384676297806436195969581604003906250
-0.2809224786847520083377105493127601221203804016113281250
-0.3946019274227771655993990407296223565936088562011718750
0.4684863834152319106429729345109080895781517028808593750
0.1046001429946923078073695023704203777015209197998046875
0.2711193109853441973733367831300711259245872497558593750
0.3330076972295540338464547858166042715311050415039062500
0.0039121912983364490537518953772178065264597535133361816
-0.1381719038735941817996888403285993263125419616699218750
0.0147701369712427803271292958697813446633517742156982422
-0.0786245628603394614009047813851793762296438217163085938
-0.2221360059446084167511514806392369791865348815917968750
0.5175183044927732511908402557310182601213455200195312500
0.2814967524841516244293870840920135378837585449218750000
0.0321792574957709132110750260835629887878894805908203125
0.2026513080877802019941213984566275030374526977539062500
0.1665001185816900042269139703421387821435928344726562500
-0.0429350767457823689898788188656908459961414337158203125
0.3077143690926738006652385593042708933353424072265625000
0.1498951313317194722340985890696174465119838714599609375
0.0667358919150426999067349242977797985076904296875000000
-0.0947642328618234636161687944877485278993844985961914062
-0.1240942296751150891731541037188435439020395278930664062
0.0369637587517238699885702146730181993916630744934082031
0.0192598480596711321699565644394169794395565986633300781
0.1661186695784306610601532838700222782790660858154296875
-0.3340676839073289938752964189916383475065231323242187500
0.0110788747006591598714964064242849417496472597122192383
-0.0534232086237517375670869057557865744456648826599121094
0.3858349298524517134723055278300307691097259521484375000
0.0260414218788646220636984196517005329951643943786621094
-0.0669708329923757172963405537302605807781219482421875000
-0.1343655362117816831624139695122721605002880096435546875
0.0165980172813460051528533512055219034664332866668701172
-0.4397097595330360930709900912916054949164390563964843750
0.2114563542178683475114553402818273752927780151367187500
-0.3960309772951280948838359563524136319756507873535156250
-0.2478294322775047853202323722143773920834064483642578125
-0.2336496337404961598505082065457827411592006683349609375
0.2271584267768830545097813455868163146078586578369140625
-0.5619340129701900776737488740764092653989791870117187500
0.1000118664287847486393800977566570509225130081176757812
-0.5264117762851676651791876793140545487403869628906250000
-0.2380647747401488101282041043305071070790290832519531250
0.3392613675387048943754564334085443988442420959472656250
-0.5081022251322259153383242846757639199495315551757812500
0.1419176905518533537975400804498349316418170928955078125
-0.3437443935012838291953585212468169629573822021484375000
-0.3992977518969685890581899911921937018632888793945312500
0.2121703198601298800962666746272589080035686492919921875
-0.2300898441680354622462800762150436639785766601562500000
-0.4614119048121373412030266081274021416902542114257812500
-0.0113296442463417367657596557251054036896675825119018555
0.3505580468182009634681151055701775476336479187011718750
-0.0361256643252812620348279892823484260588884353637695312
0.2676065743029802934671579350833781063556671142578125000
-0.2914228676830817876819423872802872210741043090820312500
0.0110479969124616227843516114148769702296704053878784180
-0.0492262841408059384495921051438926951959729194641113281
0.2292583000130706261110447030659997835755348205566406250
-0.0059017738826510329069874316587629436980932950973510742
-0.0266282832547932203637319759081947267986834049224853516
-0.0712990173697093526650192529814376030117273330688476562
-0.0184712818661395411501402463727572467178106307983398438
-0.0284714267994736862366078611330522107891738414764404297
0.1877075526130305982430712674613459967076778411865234375
0.1947202177038180326285043975076405331492424011230468750
0.0486812510783816917991906336737883975729346275329589844
0.3116994979767439000184481301403138786554336547851562500
0.2278671552857658988422429047204786911606788635253906250
-0.0842280894276657421393394997721770778298377990722656250
0.2311552899176701481032125684578204527497291564941406250
-0.0319593461767309558463345808831945760175585746765136719
-0.0194636644447845896799265119625488296151161193847656250
0.1207802673615435695708697494410444051027297973632812500
0.2180585263845702115315106084381113760173320770263671875
-0.3218021476799006186375606830551987513899803161621093750
0.3083145141349771245486977022665087133646011352539062500
-0.3949323839102567013092937031615292653441429138183593750
-0.1170608843465274218065275135813863016664981842041015625
0.0112755944474382859693539771228643076028674840927124023
0.3439503792406555238159171494771726429462432861328125000
-0.1555200922534360208349113463555113412439823150634765625
-0.1531360199700296242930619428079808130860328674316406250
0.0664942617094236715358235301209788303822278976440429688
0.1326752949797432579170930466716527007520198822021484375
0.0445164218176422529782421122490632114931941032409667969
0.0514790332413770368447103464859537780284881591796875000
-0.3542047649763589434179777981626102700829505920410156250
-0.0177856298135811718985621610045200213789939880371093750
-0.0109499014995686275164565870454680407419800758361816406
-0.4515147869439771199928657097188988700509071350097656250
-0.1904459347723164996946110250064521096646785736083984375
-0.2371523027151974938320222463516984134912490844726562500
0.0335008258810037470865061948188667884096503257751464844
-0.1490586642210326162594213883494376204907894134521484375
0.3906278155011731478829517527628922834992408752441406250
0.0029110151110102819999037038201095128897577524185180664
0.0348283986053494407086894568692514440044760704040527344
-0.3130412386373866984179414885147707536816596984863281250
-0.0018237623368203739315090983197364948864560574293136597
0.0980438797324828109625016736572433728724718093872070312
0.0087445567225561838392566826883012254256755113601684570
0.0192191995841556433066710241064356523565948009490966797
-0.0252403128338872795310976471228059381246566772460937500
0.2514526290373980677017584639543201774358749389648437500
-0.2542568361475103788649221314699389040470123291015625000
0.0587891779304073047729417567097698338329792022705078125
-0.0866301640683152657240739813460095319896936416625976562
0.2625473283138700097971707236865768209099769592285156250
-0.1253496177906449349226392087075510062277317047119140625
-0.0528917577338380157092601052681857254356145858764648438
0.1298997350389720084606892669398803263902664184570312500
-0.0317092855590543273858195050252106739208102226257324219
-0.3705265801580628348688151163514703512191772460937500000
-0.1274072476717146851221684755728347226977348327636718750
0.0867876859053372529118064448994118720293045043945312500
0.2678688455062371298609491532261017709970474243164062500
0.3029174405800536540311895805643871426582336425781250000
0.1622899782408722679782897557743126526474952697753906250
-0.1555011513580339399531737853976665064692497253417968750
-0.0512320319417946742901470713604794582352042198181152344
0.3348338028231909735410454231896437704563140869140625000
-0.1938981484982552905282915389761910773813724517822265625
-0.1357723408390558716973828268237411975860595703125000000
0.3061137992416863018441119947965489700436592102050781250
0.3753004991279677571291983895207522436976432800292968750
0.4415337992915805975790988213702803477644920349121093750
0.3187511503130538437211782820668304339051246643066406250
-0.2290467471348887340543143409377080388367176055908203125
-0.2920292091030429193487805150653002783656120300292968750
0.0410056234767514973804658495737385237589478492736816406
0.4579824665626434088139262712502386420965194702148437500
-0.2606260713230176273569327349832747131586074829101562500
-0.0050697975900125952231078940712905023247003555297851562
0.1165401973964994286614427210224675945937633514404296875
0.2138306230981489308717868880194146186113357543945312500
0.0091919315910109714723441598493991477880626916885375977
0.2147087836731106647025768552339286543428897857666015625
0.4162215102441490510720711881731403991580009460449218750
-0.0073460110121744146352562587765078205848112702369689941
-0.1188895867833266450919182943835039623081684112548828125
-0.0157490026834733801153198839983815560117363929748535156
-0.0040234002855173188820114837938035634579136967658996582
-0.0166367861268329197965698540429002605378627777099609375
0.0121425228392844589825338985633607080671936273574829102
0.0914921646080845696324956861644750460982322692871093750
0.0411270156253159824277787492974312044680118560791015625
0.2241018760055330516500760040798923000693321228027343750
-0.0297977840361704389426922290340371546335518360137939453
-0.0533581480543823816198312215419718995690345764160156250
0.1187559029005704758219508221372961997985839843750000000
0.0152088966404366962570371413221437251195311546325683594
-0.0192143030847245453729410513687980710528790950775146484
-0.1668179017150417109416338234950671903789043426513671875
-0.2800190458003772309147905161808012053370475769042968750
-0.0505124024933395754377585262773209251463413238525390625
-0.0297721140444604515096216346137225627899169921875000000
0.2852965676945040662815245013916864991188049316406250000
-0.2681883053031260955023640235594939440488815307617187500
0.3641893836380816762421375187841476872563362121582031250
0.4800791804740335289025665588269475847482681274414062500
-0.1350653512549995216573961442918516695499420166015625000
-0.0300573202431178472526784872798089054413139820098876953
0.0291508384870785459963560271035021287389099597930908203
0.4655755946867290995250243668124312534928321838378906250
0.4457907202441886984622954059886978939175605773925781250
0.0804540538167531071866989123009261675179004669189453125
-0.2545859118009325960940714139724150300025939941406250000
-0.1190334391561276849991202197998063638806343078613281250
0.0578203971962275783957885266772791510447859764099121094
0.2105446989068077701112713384645758196711540222167968750
0.4656778618572142147691295122058363631367683410644531250
0.3233243718206264549763773175072856247425079345703125000
-0.0874401788977266225533213628295925445854663848876953125
-0.1930837170196710306235843290778575465083122253417968750
-0.1467708425911076752790052069030934944748878479003906250
0.0760915908013674313625784861869760788977146148681640625
-0.4360694928749820342694931696314597502350807189941406250
-0.3420275000296538192579021142591955140233039855957031250
-0.0372106580756024971079476415525277843698859214782714844
-0.0076067575526632133856019812867543805623427033424377441
0.0492854887316627326976359313448483590036630630493164062
-0.0780370183223239449743502404999162536114454269409179688
-0.0466675387008386940990156688258139183744788169860839844
-0.1481847067878604151669463817597716115415096282958984375
0.2194366458644230188923529567546211183071136474609375000
0.0307496065342722155189214561232802225276827812194824219
-0.0414014680916980556957263104322919389232993125915527344
-0.0518253484470215450286012526248669018968939781188964844
-0.0706754190109069313496803488305886276066303253173828125
0.1499421657890161740933621103977202437818050384521484375
0.1373452273514525201481006888570846058428287506103515625
-0.0409278311037166581121127251208235975354909896850585938
-0.0503383358677738229625120425225759390741586685180664062
-0.3507146057606188582767003936169203370809555053710937500
0.2312999524346412982822585036046802997589111328125000000
-0.2395686808686933733092416787258116528391838073730468750
0.1928079682981760634152834654742036946117877960205078125
-0.4253391220337477962587513502512592822313308715820312500
0.1587078523536092355961102384753758087754249572753906250
0.4201934656495888154026374650129582732915878295898437500
-0.4074154503505494351323079627036349847912788391113281250
-0.0436511870445175781396685010804503690451383590698242188
0.1912856316176064497280862042316584847867488861083984375
0.5177859308088000878100842783169355243444442749023437500
-0.1742875587700458694939698034431785345077514648437500000
0.5570815943148000881635084624576848000288009643554687500
-0.3482882074187965137923583824886009097099304199218750000
0.1648645441981704817813181307428749278187751770019531250
0.5151459493678919310255537311604712158441543579101562500
0.3367403433920228561504472963861189782619476318359375000
-0.0800339903299109589607240877739968709647655487060546875
-0.1670689223510155863028359135569189675152301788330078125
0.0040089629594018370839503262459402321837842464447021484
-0.2814877984768420771111152589583070948719978332519531250
-0.3160547033611280642872998214443214237689971923828125000
0.0428690564860179992856537012357875937595963478088378906
-0.2384543060456601748509086746707907877862453460693359375
0.1611265136271106401810726538315066136419773101806640625
-0.0636412865734884980462027215253328904509544372558593750
0.2809876118135245515183839870587689802050590515136718750
0.0257491507957648933790917311625889851711690425872802734
-0.0087485416610123059588666194485995220020413398742675781
0.0800842101954246932127290392600116319954395294189453125
0.1666643803477954877134692424078821204602718353271484375
-0.0858238133845325851245533499422890599817037582397460938
-0.0876315201850907110614485873156809248030185699462890625
-0.0430766648932642340352749954490718664601445198059082031
0.2605355221216726357980064676667097955942153930664062500
0.0613657254882920555338898793706903234124183654785156250
0.1157235391047573835887618542983545921742916107177734375
-0.1135486259818086068884568362591380719095468521118164062
0.0807644588471362057102709286482422612607479095458984375
-0.0588383709006919733419671558749541873112320899963378906
0.3535957373782294688169258733978495001792907714843750000
-0.4234408575398088125929518810153240337967872619628906250
-0.6584048963581864422067724262888077646493911743164062500
-0.0277998444636869714019500321455780067481100559234619141
-0.2210810835439051269535326582627021707594394683837890625
-0.1376855136867081441653937190494616515934467315673828125
0.0582243621822283244360285436869162367656826972961425781
0.1666109715827017723199787724297493696212768554687500000
0.1320839869863820459361392067876295186579227447509765625
-0.0373952184943201967892711934382532490417361259460449219
0.1627004729190172915842538259312277659773826599121093750
0.1712895826574264701580574410400004126131534576416015625
0.2677221560527806576423870410508243367075920104980468750
-0.1441612854626932449519927104120142757892608642578125000
0.3464403314280730117324935690703568980097770690917968750
0.0229415478798128819049040316713217180222272872924804688
-0.2455892942493970165784844539302866905927658081054687500
-0.3060775537174498239778586139436811208724975585937500000
-0.2306887255227173250116123881525709293782711029052734375
-0.0108397645250356416957160377023683395236730575561523438
0.0400541765703235908002710630171350203454494476318359375
-0.0825692290314476023960210682162141893059015274047851562
0.0742140463235843733658114729223598260432481765747070312
0.2481490962636814789910033596243010833859443664550781250
0.3417473379986798454055474394408520311117172241210937500
-0.1168433761633534267998513200836896430701017379760742188
0.1577999121863439269120021890557836741209030151367187500
0.0625612868127399662787624379234330262988805770874023438
-0.0239233700359850962047225664264260558411478996276855469
0.0318271767282638506912917364388704299926757812500000000
-0.2140464930787376873766447715752292424440383911132812500
0.2529456650120038840867664475808851420879364013671875000
0.0205434006114397944842142607058121939189732074737548828
0.2918538718354818928268912259227363392710685729980468750
-0.1710385788903737158683782126900041475892066955566406250
0.0153904886385086286937351474080060143023729324340820312
-0.0611100219017707002588934983577928505837917327880859375
0.0044376946810982705049486440884720650501549243927001953
0.0086218056494625147645471940904826624318957328796386719
-0.0773006515586509984627738845119893085211515426635742188
0.1689630738140873444930178948197863064706325531005859375
0.3363333782299748331290345504385186359286308288574218750
0.3510996703480280256570722485776059329509735107421875000
0.0105631486132526236643158767947170417755842208862304688
0.2180274515567053039699629835013183765113353729248046875
-0.4176203468659100415116824933647876605391502380371093750
-0.1793021346454168329920264568499987944960594177246093750
-0.3885912921642386552711911917867837473750114440917968750
-0.0166280182137130000397107210119429510086774826049804688
-0.2947945547952227629551202880975324660539627075195312500
0.1142629502874849545257518457219703122973442077636718750
-0.2593876834850758483774768592411419376730918884277343750
-0.1522126974363555429459182732898625545203685760498046875
-0.1791503205616480631778841825507697649300098419189453125
-0.0627945450954699863066466036798374261707067489624023438
0.0752822701803855798274867083819117397069931030273437500
0.1260369471029680055185195897138328291475772857666015625
0.1961500151673068736979388404506607912480831146240234375
0.0007734796752220972956143318910449124814476817846298218
0.0179187663978400309183758309927725349552929401397705078
-0.2234360188636339838996747175769996829330921173095703125
0.2518127003609013647711378780513769015669822692871093750
0.0101583708723899310277793972545623546466231346130371094
0.3651440079946983163772245006839511916041374206542968750
0.3696165804722457148834280360460979864001274108886718750
0.0128063013055191195210813503990721073932945728302001953
0.1324982412040817125742364623874891549348831176757812500
-0.0306586225467250540754893251005341880954802036285400391
0.0098598366320651852079404164896914153359830379486083984
-0.0400818990011222453517802932765334844589233398437500000
0.1187640467032361063504097842269402462989091873168945312
-0.1140898720459054827003342325042467564344406127929687500
0.0935409622243056765311663980355660896748304367065429688
-0.0492944504357330504085155098437098786234855651855468750
-0.0793573224524592862882954591441375669091939926147460938
-0.1095223413200455686578038694278802722692489624023437500
-0.0409362745543948858273353152981144376099109649658203125
0.0727808954374456196223519555132952518761157989501953125
-0.0491084219925142298479592284365935483947396278381347656
-0.4149890268978990159887132449512137100100517272949218750
-0.1898409474646594319313663845605333335697650909423828125
0.1493000622296311308279115337427356280386447906494140625
-0.3889938582049607407320479524059919640421867370605468750
0.2192657148661737165351581779759726487100124359130859375
-0.1109687636030842750045621869503520429134368896484375000
-0.6466606641792366216847653959121089428663253784179687500
0.3315842190847991810542794155480805784463882446289062500
0.0504745056091660745933857867839833488687872886657714844
-0.0245339259982467368381708894276016508229076862335205078
0.2640766468161974134254421642253873869776725769042968750
0.0886857800918219030261724356023478321731090545654296875
-0.2420806877662135814244237508319201879203319549560546875
0.0778280743146343018112887079951178748160600662231445312
0.1815099711553841421718402671103831380605697631835937500
0.4595856672084851490822643427236471325159072875976562500
-0.6365235110170366361614924244349822402000427246093750000
-0.4865835973852117302129727249848656356334686279296875000
-0.2378840989366408364968918931481312029063701629638671875
0.6475887436448396483612555130093824118375778198242187500
-0.0225367297408894037835658252788562094792723655700683594
0.2474717145075613633498079479977604933083057403564453125
0.2806090052855895189409807244373951107263565063476562500
-0.0006727144794672694190842965333843039843486621975898743
-0.1221328099735514566281935344704834278672933578491210938
0.4093522271730583583781992729200283065438270568847656250
-0.1004970215969026858804369339850381948053836822509765625
0.1091048235434285140765808819196536205708980560302734375
0.1602718393225361637188797203634749166667461395263671875
-0.0128569857777272814752800300652779696974903345108032227
0.0036855111954725888918915632785910929669626057147979736
0.2974702815270269806724456884694518521428108215332031250
0.1116838899282665137357994922240322921425104141235351562
0.0309005276492210489980294596534804441034793853759765625
0.1968946750490551955703466546765412203967571258544921875
-0.1704273336274372274701249807549174875020980834960937500
-0.0997175553137503167810962168005062267184257507324218750
0.0230801032501909766936343260113062569871544837951660156
0.0887040594675510829514308852594695053994655609130859375
-0.0030447516449037476463090889922114001819863915443420410
-0.1755534105656453569554997784507577307522296905517578125
-0.0621680942192441091109778028567234287038445472717285156
-0.3711695830095451675845197314629331231117248535156250000
-0.1107423726514605577531114022349356673657894134521484375
-0.4686832975563399728002877964172512292861938476562500000
-0.3391212327413696270284049205656629055738449096679687500
-0.0131850384972305063879804976068044197745621204376220703
-0.4035863912994150370927570747880963608622550964355468750
0.1615852790606100153336655012026312761008739471435546875
-0.2264528821782178236166060969480895437300205230712890625
0.1097654257958392137739522809170011896640062332153320312
-0.2988541291436981883755663602642016485333442687988281250
-0.4240772235046874616415379932732321321964263916015625000
0.1158648500943959686049211654790269676595926284790039062
-0.2306792798706731872915298708903719671070575714111328125
0.3073982624234593563627981893660034984350204467773437500
-0.1810373831655044118971176203558570705354213714599609375
0.4919497253097392386322894708428066223859786987304687500
-0.4839040116313508277379185074096312746405601501464843750
-0.1586689445858217306639659227585070766508579254150390625
0.0019671403172822534560770790790229511912912130355834961
0.1069239917016353014211915706255240365862846374511718750
-0.1649056520157970440187966687517473474144935607910156250
0.0416867414423558804714708969640923896804451942443847656
0.1650846080612442812185491902710055001080036163330078125
-0.1460531186875656251000776819637394510209560394287109375
-0.0748174871164402760514988699469540733844041824340820312
0.0528708324299717591365777025202987715601921081542968750
0.0406180351712712162104423896380467340350151062011718750
-0.0093902532787841670736117549722621333785355091094970703
0.0154829702809905957877623094987029617186635732650756836
0.2632787864537030619871416092792060226202011108398437500
0.0738374619896795814089074383446131832897663116455078125
-0.0958937279234932937743707270783488638699054718017578125
-0.0003794579766326616060423404519497125875204801559448242
0.2000599393683940019350586680957349017262458801269531250
0.0554059663662449380927554898335074540227651596069335938
-0.1454582673560569638926409652412985451519489288330078125
0.0443841948070066577569647847667511086910963058471679688
0.0356531265886737419590346576114825438708066940307617188
0.0478311006852113959619821059732203138992190361022949219
0.0398857140250659103486441381392069160938262939453125000
0.1712697479410871803651161826564930379390716552734375000
-0.1055399947116847508832293556224612984806299209594726562
-0.4472940353209344244156397962797200307250022888183593750
0.3804751085385532638483141454344149678945541381835937500
0.0700276524393894372888524912923458032310009002685546875
0.1069945220517040107566231199598405510187149047851562500
0.0383179646392495035223113575284514809027314186096191406
-0.1657161048343608056310216625206521712243556976318359375
0.3855559286451826772612605509493732824921607971191406250
0.3218664927437123735032287186186295002698898315429687500
0.0119478735285062868248795453496313712093979120254516602
-0.1939544366719250234609717153944075107574462890625000000
0.2462147455203337054197021416257484816014766693115234375
0.1379634166273341622233061798397102393209934234619140625
0.6252883863732361380272095630061812698841094970703125000
0.3324399164988544042032003744679968804121017456054687500
-0.1082720844300163604012610107929504010826349258422851562
-0.1236976066332391849256211457941390108317136764526367188
-0.0603062188516783753700067904901516158133745193481445312
-0.0086779094677128399554222326628405426163226366043090820
-0.0511880637918402242592108564167574513703584671020507812
0.0271750655946087840697522608479630434885621070861816406
-0.3936891452276774505669720838341163471341133117675781250
-0.3201628969490564746713801014266209676861763000488281250
-0.0005543768410658530100890151182113640970783308148384094
0.0020577783005497844032172238826206012163311243057250977
-0.0050867325690807036267515606198230670997872948646545410
-0.0429620812028011014871431427764036925509572029113769531
-0.0223712982962271447751056996366969542577862739562988281
0.0718635229282945514617253479627834167331457138061523438
0.0313872936797971943678753348194732097908854484558105469
0.0233063507568008823622740521841478766873478889465332031
0.1386850949940649779801304930515470914542675018310546875
0.2281457816106683966772550320456502959132194519042968750
-0.0020570894846123001682702824410853281733579933643341064
-0.0635173222964177941474162025770056061446666717529296875
-0.0251154072519945738284352643177044228650629520416259766
-0.0171288601025312951786627735373258474282920360565185547
-0.3941342864159055880968196561298100277781486511230468750
-0.2154685519539666360699925462540704756975173950195312500
0.3875774637329777450034384855825919657945632934570312500
0.1848584987513968436179112586614792235195636749267578125
0.3868831550902890881182827342854579910635948181152343750
-0.4482330791525823143750528743112226948142051696777343750
-0.3516713086938159649186275146348634734749794006347656250
0.3207765263068493855058704866678453981876373291015625000
-0.0326381247197149101935131909613119205459952354431152344
-0.1954724296159003893436079124512616544961929321289062500
-0.2237653197908861524290102806844515725970268249511718750
-0.4113823939469377632960345181345473974943161010742187500
-0.3616136396587242840539033750246744602918624877929687500
-0.2999438756727001442747848614089889451861381530761718750
0.0677176587924245426686198356946988496929407119750976562
-0.2461156064776801599691680166870355606079101562500000000
-0.1826028338710318499327200925108627416193485260009765625
0.3586364740344200052746259643754456192255020141601562500
0.1848759441478252107948776483681285753846168518066406250
0.3550958985878555629334130117058521136641502380371093750
-0.0391212932382211386883597015184932388365268707275390625
0.1184985259840043020362898573694110382348299026489257812
0.0137013749164707852173927804528830165509134531021118164
-0.0385043182326676516891161838884727330878376960754394531
-0.0825091303807667098002553984770202077925205230712890625
0.0290446445203242677168820051747388788498938083648681641
0.0453566406595690835290568543314293492585420608520507812
-0.0453288204930710064699539429966534953564405441284179688
-0.0010519705985422330828810144609519738878589123487472534
-0.0114595507410946515630678632646777259651571512222290039
0.0350102837909627775947463135253201471641659736633300781
-0.0565677127755338654546690690949617419391870498657226562
-0.1236264116422603059897156185797939542680978775024414062
-0.0129295534142947147332458612822847499046474695205688477
0.1762204030014097033696174321448779664933681488037109375
-0.3570471240071247942537979724875185638666152954101562500
-0.0091014319986195395956185549835026904474943876266479492
0.1456735248209941324670779749794746749103069305419921875
-0.0023947128388311427968360156626204116037115454673767090
0.0246070344744422422889051915717573137953877449035644531
-0.4482572175735097808058071677805855870246887207031250000
0.0915585022772580636729600200851564295589923858642578125
0.2085453651840866451383504909244948066771030426025390625
0.5113834411937919766089066797576379030942916870117187500
-0.1215375295348921080851312126469565555453300476074218750
-0.3357182072356453272909959650860400870442390441894531250
0.0702571416617461391718180152565764728933572769165039062
0.2373533570267488956861967608347185887396335601806640625
0.1645129591079877440229495277890237048268318176269531250
-0.4077515350140995531447174471395555883646011352539062500
-0.3582516378448750149487977978424169123172760009765625000
0.5234426702629603189720342015789356082677841186523437500
0.2394201913010926829894486900229821912944316864013671875
0.2869434994613218603554116725717904046177864074707031250
-0.2963234826862939930158802326332079246640205383300781250
-0.0012833670489960525423756010354736645240336656570434570
-0.1062491056058666727412997943247319199144840240478515625
-0.2580449048863521777086305064585758373141288757324218750
-0.3687056350571462082221785294677829369902610778808593750
-0.1459589995713709564828519660295569337904453277587890625
0.0917907480654179402934644826927979011088609695434570312
-0.0979296246011346349646942144318018108606338500976562500
-0.0492340570607693803206750260414992226287722587585449219
-0.1069879793452451766100352870125789195299148559570312500
-0.2906847816574490428465082914044614881277084350585937500
-0.4154935903273794250978312447841744869947433471679687500
0.0755970761386419998206775971993920393288135528564453125
0.0715876447204707028193482187816698569804430007934570312
-0.0021987205766290460889900160168508591596037149429321289
0.0819458826748182267429854164220159873366355895996093750
0.0722673945555339231061608984418853651732206344604492188
0.2707804456382992275287335814937250688672065734863281250
-0.2411435655504446939900731194938998669385910034179687500
-0.0621802309923018547976880654459819197654724121093750000
-0.1933624728922055113766731437863199971616268157958984375
-0.2287797546820732608185977596804150380194187164306640625
0.0461355345795352589366444817642332054674625396728515625
-0.0472460212658742315094961838894960237666964530944824219
-0.0868922105637613406692310036305570974946022033691406250
0.0678092641985609534405199383400031365454196929931640625
-0.1205074632764518288707833448825113009661436080932617188
0.2129897186018894217340857721865177154541015625000000000
0.2221153808177540600610200272058136761188507080078125000
0.1895773059719289554969634536973899230360984802246093750
0.0594608537166735826029473344078724039718508720397949219
-0.1986804331343828555755948173100478015840053558349609375
-0.7657509627761155401870496461924631148576736450195312500
0.2105600063156427836918993534709443338215351104736328125
0.2163806799777518719007929348663310520350933074951171875
-0.0172725708431034491452393808685883414000272750854492188
0.0608900866933121953650243085576221346855163574218750000
-0.6206556413306346664526813583506736904382705688476562500
0.1065550814599429546580822147916478570550680160522460938
0.1873488618917502623872906042379327118396759033203125000
-0.1045143944856355422423632717254804447293281555175781250
-0.2348458100440285467591650103713618591427803039550781250
-0.6835749065018370540514069944038055837154388427734375000
-0.4327752402596759528918823889398481696844100952148437500
0.1145879366122934672755917517861234955489635467529296875
-0.2594168553562068435525134191266261041164398193359375000
0.4200929079594919457463220169302076101303100585937500000
-0.6420537484027588615020931683829985558986663818359375000
-0.5131114646640883014683254259580280631780624389648437500
-0.3064020957142362666658641501271631568670272827148437500
-0.1026428123784867280088306529250985477119684219360351562
0.5877673807309581333058190466545056551694869995117187500
-0.2496693074209171414601371452590683475136756896972656250
-0.2599339676938012821949541830690577626228332519531250000
0.5348454460827367640263219072949141263961791992187500000
0.1511189040264076799413572871344513259828090667724609375
-0.1654095066722990892138511753728380426764488220214843750
-0.3652720568913991328052759399724891409277915954589843750
0.5827359915198303541572499852918554097414016723632812500
0.2514195286018393038496299141115741804242134094238281250
0.3821264524445859844803408122970722615718841552734375000
-0.6444736653336841092354347892978694289922714233398437500
0.6449239477938077946816974872490391135215759277343750000
-0.5626256136616949454776204220252111554145812988281250000
0.2022708627726559349468971049645915627479553222656250000
0.3729234055660499147499820082884980365633964538574218750
-0.1182505142469799791493656471175199840217828750610351562
-0.0360800308204852482329982876763097010552883148193359375
0.4528192402310685094057873811834724619984626770019531250
0.0174447301973341753478230486962274881079792976379394531
0.4897829134149649932261638696218142285943031311035156250
-0.5406699817131405128023402539838571101427078247070312500
-0.0384887836484472944942325511874514631927013397216796875
-0.5707346960748646003125372772046830505132675170898437500
0.0314114288114121370520948062221577856689691543579101562
-0.2831108374503322200332888769480632618069648742675781250
-0.9679755847822437697658415345358662307262420654296875000
0.9420431651410403617319389013573527336120605468750000000
0.6465353783600745751769522939866874366998672485351562500
-0.1228935746206416962378327184524096082895994186401367188
-0.3991804624773013232541529760055709630250930786132812500
-0.3195515746268807744101536627567838877439498901367187500
0.3543696121912468521841788060555700212717056274414062500
0.1742445023314320162732826702267630025744438171386718750
-0.0192048635292941596852678287632443243637681007385253906
0.1996473607129589655784229762502945959568023681640625000
0.5333289250839260420278264973603654652833938598632812500
-0.2679575052068464136034720013412879779934883117675781250
-0.0401692645894268160478013385272788582369685173034667969
-0.4583046265203538083277123860170831903815269470214843750
0.7649844541352740501238827164343092590570449829101562500
-0.3770709806231189453740171302342787384986877441406250000
0.0198554773023232565554163642218554741702973842620849609
-0.1353840569970479190686774018104188144207000732421875000
-0.1003899949267380853346054436769918538630008697509765625
0.9691364602853316245756332136807031929492950439453125000
0.7601737329979192381301800196524709463119506835937500000
-0.4882052324579592150755047441634815186262130737304687500
0.0175161692782091760189899787292233668267726898193359375
0.3033110512119790991292234139109496027231216430664062500
0.4033595736956626653935131798789370805025100708007812500
-0.7744759132901439802054710526135750114917755126953125000
0.0643509114068321202983824491639097686856985092163085938
0.5721279255222019299864655295095872133970260620117187500
0.3963862165403748138992057192808715626597404479980468750
-0.6167243737294797467640705690428148955106735229492187500
-0.2682477665437573710605079213564749807119369506835937500
-0.3484279731892206966037406346003990620374679565429687500
-0.0051567229379471729230899335050253284862264990806579590
0.0879635021659989080333730271377135068178176879882812500
0.1777766272739779718214947479282272979617118835449218750
0.3713430497355152404281852795975282788276672363281250000
0.4734076705312906807598949399107368662953376770019531250
-0.0359940103206184136563905440198141150176525115966796875
0.1468981091213311385157425092984340153634548187255859375
0.0180800985794501122005950577431576675735414028167724609
-0.3872903551593983029199819156929152086377143859863281250
0.3552311873442171585857352056336821988224983215332031250
0.6192929082064042578537055305787362158298492431640625000
-0.7735289463399886988881348770519252866506576538085937500
-0.6359227631741691810773886572860646992921829223632812500
-0.6654390854291633017325580112810712307691574096679687500
0.2945696392187277523611044216522714123129844665527343750
0.6400789081240305655740030488232150673866271972656250000
0.4426412379145087117038315227546263486146926879882812500
-0.8089634289849901849223101635288912802934646606445312500
-0.1335073270647521848086825002610567025840282440185546875
0.0211958034480044903158368896356478217057883739471435547
0.5759473961724732582467822794569656252861022949218750000
-0.8630867046846236734225499276362825185060501098632812500
-0.4280114641140470022051545129215810447931289672851562500
0.0966484839609772633517437157024687621742486953735351562
0.2395316579785098654031827436483581550419330596923828125
0.5372316451607115350697085887077264487743377685546875000
-0.3695939967586001073662771432282170280814170837402343750
0.0002285430588615241316498977175442064435628708451986313
-0.2596380526606627547892003349261358380317687988281250000
-0.7551254946153582725543174092308618128299713134765625000
-0.3975535176969433037719170442869653925299644470214843750
0.8185586899298900043220328370807692408561706542968750000
-0.5493594074656716896853936304978560656309127807617187500
-0.7108210540506789687498212515492923557758331298828125000
-0.2908767072475136328257860895973863080143928527832031250
-0.3503032933240628477022937659057788550853729248046875000
0.5870741758728403869582734841969795525074005126953125000
0.5290363964553741471519288097624666988849639892578125000
-0.5632242433548952931232634000480175018310546875000000000
0.7849060165574016645351207444036845117807388305664062500
0.1068797464007045922018690475852054078131914138793945312
0.5212172623046789077250195987289771437644958496093750000
-0.4998381725228789318471456226689042523503303527832031250
-0.5832988132170705553036782475828658789396286010742187500
-0.7333156074485487341263478811015374958515167236328125000
0.4257018870487062067731187653407687321305274963378906250
0.3339193970271542855066115862427977845072746276855468750
-0.2496323476568837185229909891859279014170169830322265625
0.1325189333645408196193926642081351019442081451416015625
-0.8028231792212907613759398373076692223548889160156250000
0.6966529910142883474932773424370680004358291625976562500
0.6818592747701881506827703560702502727508544921875000000
0.1087189571890697925571345194839523173868656158447265625
0.0230557451857643889991944519124444923363626003265380859
-0.7910578892933434191903074861329514533281326293945312500
-0.0734844288776696358267415121190424542874097824096679688
0.4941357445596317732317004356445977464318275451660156250
0.6322532962781811649577434764069039374589920043945312500
0.4878263212765806544624069829296786338090896606445312500
0.1807157966255939773869698683483875356614589691162109375
-0.5638110862768394015986928025085944682359695434570312500
-0.0029206654459762440220749191155391599750146269798278809
-0.1027977605259098869971978729154216125607490539550781250
0.6074456272003855294983054591284599155187606811523437500
0.6054325008546196373870884599455166608095169067382812500
-0.2550994288206450133493774501403095200657844543457031250
0.2062692805053321365438279144655098207294940948486328125
0.1116118357070558231303181173643679358065128326416015625
0.1246171286201875061383503862089128233492374420166015625
0.5241999481773066404954874997201841324567794799804687500
0.0196206254552105871513667523231561062857508659362792969
0.3430934058294515254239342993969330564141273498535156250
0.7273084910364245869729415971960406750440597534179687500
-0.8273629161380533503233891678974032402038574218750000000
0.6525382920260885954988339108240325003862380981445312500
0.2032184024957578716286121789380558766424655914306640625
-0.0953495042629850519944056941312737762928009033203125000
-0.6919193059357705566370100314088631421327590942382812500
-0.1538062044622838797636177332606166601181030273437500000
0.7592484271967518960622101076296530663967132568359375000
-0.2072917436773633603763755672844126820564270019531250000
-0.5371253704847164245350654709909576922655105590820312500
0.6465291165611999346651828091125935316085815429687500000
-0.7706151488334623822495927925046999007463455200195312500
0.2625340852675631109214293701370479539036750793457031250
-0.8489873829665552928958049960783682763576507568359375000
-0.5337436905235377615497327496996149420738220214843750000
-0.4737749884786848775242162901122355833649635314941406250
-0.6011917822412522482977692561689764261245727539062500000
-0.3752474716769417795170227236667415127158164978027343750
0.0617432678620968983240757665953424293547868728637695312
-0.4026995260903962758902707719244062900543212890625000000
0.6782759017295043602047144304378889501094818115234375000
0.0992765791257568530614463497840915806591510772705078125
-0.2242934805800760322824771719751879572868347167968750000
0.4221846665157456546246805828559445217251777648925781250
0.2279050402398201391473975263579632155597209930419921875
0.2644178011700910047032664351718267425894737243652343750
-0.7769543194232293448209247799240984022617340087890625000
0.5473358822589722283424862325773574411869049072265625000
0.5210524565560366028194039245136082172393798828125000000
0.7390532017340276649264296793262474238872528076171875000
0.3157275159760420946142289722047280520200729370117187500
0.5415364190215056217070355160103645175695419311523437500
-0.8481746362207210898631615236809011548757553100585937500
0.5654373682232457509755363389558624476194381713867187500
-0.2133278695299839766708061006283969618380069732666015625
0.9752316778137816166704965326061937958002090454101562500
0.8572719535264475831937147631833795458078384399414062500
0.0909790925463178079546366916474653407931327819824218750
-0.1583457172994006956212587056143092922866344451904296875
0.5953955353922059101634545186243485659360885620117187500
0.4347804208497646483166931830055546015501022338867187500
-0.0720583923299795980899062897151452489197254180908203125
0.5254843274647010842315353329468052834272384643554687500
-0.7181259363509915338852351851528510451316833496093750000
-0.1537325222002443314561759279968100599944591522216796875
-0.7424024335000267704742782370885834097862243652343750000
-0.0130363313789781352924901369760846137069165706634521484
0.4960029236698814680828206746809883043169975280761718750
0.2424720505007299242716811704667634330689907073974609375
-0.6596716324192093416911575332051143050193786621093750000
-0.6562579897480974588930280333443079143762588500976562500
-0.2722664022859833665712869787967065349221229553222656250
0.2737309541926186140514687394897919148206710815429687500
-0.0882866453105851378690971387186436913907527923583984375
0.0326488203992882225490390624145220499485731124877929688
0.0851697574852331301675789632099622394889593124389648438
0.2572740796789961814639013937267009168863296508789062500
-0.6042112452364877261956621623539831489324569702148437500
0.2643452431835064397880330488987965509295463562011718750
-0.1046151900842795107182681135782331693917512893676757812
0.0851941909959992860201793973828898742794990539550781250
0.5352149225574370783320432565233204513788223266601562500
-0.2244830436004633944513386722974246367812156677246093750
0.4216162161478993475327570195076987147331237792968750000
-0.1294115311895017994547885109568596817553043365478515625
0.6939809078861199909127321916457731276750564575195312500
0.6277637764657186814076794689754024147987365722656250000
-0.4829303935720198337477881977974902838468551635742187500
0.5352396808934862804107979172840714454650878906250000000
-0.6729562088471842118408972055476624518632888793945312500
-0.2081965650314652749308663715055445209145545959472656250
-0.1759414679994363295278958503331523388624191284179687500
-0.1469371376550207830558036903312313370406627655029296875
-0.8026100085608927070524032387766055762767791748046875000
0.2058590196001475192133511882275342941284179687500000000
-0.6032548779990856147037447954062372446060180664062500000
0.5405521877337138292318741150666028261184692382812500000
-0.4948059813692273767316009980277158319950103759765625000
0.7144550770551224561089043163519818335771560668945312500
0.1079091235879425653143570684733276721090078353881835938
-0.6630584363360861877012553122767712920904159545898437500
0.7749346471782434520036986214108765125274658203125000000
-0.2839278716198868068865124314470449462532997131347656250
0.0866226966974921880337845436770294327288866043090820312
-0.6440643143165478701206438927329145371913909912109375000
0.0663419035889472180622661312554555479437112808227539062
0.1362368433498317710217406784067861735820770263671875000
0.5600177152451180084824500227114185690879821777343750000
-0.1822405231641967271460913480041199363768100738525390625
-0.3043430819466224623859318398899631574749946594238281250
-0.2017320819056121206092058173453551717102527618408203125
-0.0330134728918732231472965565899357898160815238952636719
0.5926291830983686503842022830212954431772232055664062500
-0.5433086067890723347417747390863951295614242553710937500
-0.0878754094116630662947287078168301377445459365844726562
0.2597168638101719495558938888279953971505165100097656250
0.1458617255841913318281655165264965035021305084228515625
0.1777569268209766573107799558783881366252899169921875000
-0.2135117887473765019290539157736930064857006072998046875
0.1811263476980731201848584532854147255420684814453125000
0.8613116388834047842948393736151047050952911376953125000
0.3977423605371115389317537847091443836688995361328125000
0.9477548192226713519303871180454734712839126586914062500
0.5069419959063843350577371893450617790222167968750000000
0.3024931129731205370347879579639993607997894287109375000
-0.5178383671553095091155682894168421626091003417968750000
-0.0550443019984246731390875595479883486405014991760253906
-0.6970075177717752756834102001448627561330795288085937500
-0.6845968191873241792677617922890931367874145507812500000
0.6755902003256570864664354303386062383651733398437500000
0.6527990050639838059964858985040336847305297851562500000
0.5743403832443910728144942368089687079191207885742187500
-0.3960937227492981049792319936386775225400924682617187500
0.5626893230778600152319768312736414372920989990234375000
-0.5548177842041797092065280594397336244583129882812500000
-0.3436978785470479191843651278759352862834930419921875000
-1.1119235715462871816328060958767309784889221191406250000
0.1539222335164165400556157692335546016693115234375000000
0.3683728460947403582359527263179188594222068786621093750
0.0306068799994371372463763947280313004739582538604736328
-0.2637053907274471975519247735064709559082984924316406250
0.6233467377390282671001386916032060980796813964843750000
0.1901475562011638587023298896383494138717651367187500000
0.0161369135835090597719254645880937459878623485565185547
-0.5544787921979720257681378825509455054998397827148437500
0.2075916262037811599316938782067154534161090850830078125
-0.0478170353294264799393076259548251982778310775756835938
-0.4536530519259050486802209434245014563202857971191406250
-0.2266000256504817900182757739457883872091770172119140625
-0.4620659803544069910152813918102765455842018127441406250
-0.4099294044126428615548718425998231396079063415527343750
-0.5580992418825148071448438713559880852699279785156250000
-0.2247959218036967854459362570196390151977539062500000000
-0.2647527948447949697197145724203437566757202148437500000
-0.0146291380934637574307011220753338420763611793518066406
0.4111757625302224217200830480578588321805000305175781250
-0.4919773075321985378316469450510339811444282531738281250
0.2020880856407837322663567647396121174097061157226562500
0.6382241251880171883925640941015444695949554443359375000
0.1265322901874692818058321108765085227787494659423828125
0.2845583651349251619322444639692548662424087524414062500
0.5238683405032602546924636044423095881938934326171875000
0.3200940212084757985344651842751773074269294738769531250
-0.1885658734352735621531138576756347902119159698486328125
-0.5818539709165269080415328062372282147407531738281250000
-0.9790994085191139228996348720102105289697647094726562500
0.7720275108109884154572455372544936835765838623046875000
-0.8151934524621429201118871787912212312221527099609375000
0.5545713394014952779542682037572376430034637451171875000
0.1649991881235576551834043357303016819059848785400390625
-0.0431542795075572083174364479418727569282054901123046875
-0.3653494043548404235366433567833155393600463867187500000
-1.2993324865460447181675363026442937552928924560546875000
0.0223093522965769446020356525650640833191573619842529297
-0.9334985320689270782423818673123605549335479736328125000
-0.3644228691197458069872538999334210529923439025878906250
-0.7799424322848609314462464681128039956092834472656250000
0.5256170698041765509955780544260051101446151733398437500
-0.6594005286863663384266942557587753981351852416992187500
-0.5876249219263602885376940321293659508228302001953125000
0.2259084657780574267871287474918062798678874969482421875
0.6839611199231118154884256910008843988180160522460937500
0.5777567874178416440500427597726229578256607055664062500
0.2574139279643454791823842242592945694923400878906250000
0.3625954400115952713790079542377498000860214233398437500
-0.6897923928263030024510271687177009880542755126953125000
0.5077730360963085276537753998127300292253494262695312500
0.0241271777238357722217276801757179782725870609283447266
0.6640748930904943891917469045438338071107864379882812500
-0.4038880337650048724107421094231540337204933166503906250
0.2355018782830245460679918778623687103390693664550781250
0.4908062195647160952383103449392365291714668273925781250
-0.3962353253984894907446800971229095011949539184570312500
-0.6032453185726258659826726216124370694160461425781250000
-0.1892913579013004721218749182298779487609863281250000000
0.6084797279749406540005907118029426783323287963867187500
-0.2317976260149068323812571179587393999099731445312500000
-0.2491029895599401189354438201917218975722789764404296875
-0.2887135303209584225037076521402923390269279479980468750
-0.4583594145647731377124500795616768300533294677734375000
-0.4002949984169399955113988198718288913369178771972656250
0.1126624371327440005119413513057224918156862258911132812
-0.5715698305931891098907726700417697429656982421875000000
0.1439496068950630869309748050000052899122238159179687500
-0.0726345555727164610138046896281593944877386093139648438
0.1707446936459043329570306468667695298790931701660156250
0.4497042581313437925594200805790023878216743469238281250
-0.6163942297626365807161619159160181879997253417968750000
-0.6035413756594687484380301611963659524917602539062500000
-0.0339289405924398795866281375310791190713644027709960938
-0.1528708253951449880236879153017071075737476348876953125
0.1897165808172253387287042869502329267561435699462890625
0.1158477182242352993002398875432845670729875564575195312
0.4680405714845638498466939836362143978476524353027343750
0.5473391990360337855392458550340961664915084838867187500
0.5966901276356478822648909954295959323644638061523437500
-0.0756543018106219378182686341460794210433959960937500000
-1.0259825150435601948117891879519447684288024902343750000
-0.5564481407689704228758387216657865792512893676757812500
-0.7107653448741730883853051636833697557449340820312500000
0.7475308578011133908702845474181231111288070678710937500
0.4716086026425252430982482110266573727130889892578125000
-0.2222042209494544673376026366895530372858047485351562500
-0.4841933522532250733227954242465784773230552673339843750
-0.4664124011874123953980131318530766293406486511230468750
-0.1472687213139974304887402922759065404534339904785156250
0.4522477755312128144815631003439193591475486755371093750
-0.7105584609225112924235645550652407109737396240234375000
-0.4411787567520550346067409464012598618865013122558593750
0.1061820500247203091781500461365794762969017028808593750
0.8304535836546292904003507828747387975454330444335937500
-0.4671658627127879825913225886324653401970863342285156250
0.8228873604728862423129953640454914420843124389648437500
0.6238209129262624053069430374307557940483093261718750000
-0.0737444696400742921715831812434771563857793807983398438
-0.2928143726053124007435712883307132869958877563476562500
-0.3107011917924161203963251409732038155198097229003906250
0.2136579825720774372665999862874741666018962860107421875
-0.2591581572680297651523062540945829823613166809082031250
-0.6650767006786284518682350608287379145622253417968750000
-0.2130765753766045433881259896224946714937686920166015625
0.5599346622734067135951363525236956775188446044921875000
-0.8221699339982624366029995144344866275787353515625000000
-0.2642013723959160120813294270192272961139678955078125000
-0.2522121786633876316940927608811762183904647827148437500
0.3040830500910824407689858617231948301196098327636718750
-0.0130939274412760452148685175188802531920373439788818359
0.4913636102135903183096843349630944430828094482421875000
-0.3242516893293088675598312420333968475461006164550781250
-0.1268856689151394157022423314629122614860534667968750000
-0.1956452590191123386276217388513032346963882446289062500
0.3751181976111854776689824575441889464855194091796875000
0.7600238263394628601687941227282863110303878784179687500
0.6388291588532839515579553335555829107761383056640625000
-0.4236628299766766470035861402720911428332328796386718750
0.0103402810688566233060514676367347419727593660354614258
0.8239858334262546435411422862671315670013427734375000000
0.2635067952958726200662908922822680324316024780273437500
-0.0993013939024935260446724782923411112278699874877929688
0.7621580943572473509917131195834372192621231079101562500
-0.1393917457491034572747423680993961170315742492675781250
0.4658745989431848366635335878527257591485977172851562500
0.1285964494507079447505049074607086367905139923095703125
0.2540136419957899627242170481622451916337013244628906250
-0.2506459403595900359285053582425462082028388977050781250
-0.6118400504091239255899381532799452543258666992187500000
0.2553911049754880036033455326105467975139617919921875000
0.0070722246909482363447230213182592706289142370223999023
-0.1666211436337249052197506671291193924844264984130859375
-0.6773211758040875718478446287917904555797576904296875000
-0.8152109406597811691597144090337678790092468261718750000
0.4813916592600394617207371084077749401330947875976562500
-0.0618991002748761065532789871213026344776153564453125000
0.7544471105085496231978936521045397967100143432617187500
-0.5281509024224567694361098801891785115003585815429687500
0.0510245663949615013699201426788931712508201599121093750
0.2020103010582010583107148704584687948226928710937500000
0.2039886578776399228551952091947896406054496765136718750
0.5703579336730829618673510594817344099283218383789062500
0.7775615885357659573529076624254230409860610961914062500
-0.5150726356890447110714603695669211447238922119140625000
-0.1755253784364325386757599289921927265822887420654296875
1.0429415983173520032778469612821936607360839843750000000
0.1659935553250344864029131031202268786728382110595703125
0.4503226870746004917300808756408514454960823059082031250
1.0929570880193513193745502576348371803760528564453125000
0.5506666162442331868831502106331754475831985473632812500
0.1821661460060775006297717482084408402442932128906250000
-0.5968589226592709851004769916471559554338455200195312500
0.1681010511387055761378661600247141905128955841064453125
-0.4518774100938879878519571775541407987475395202636718750
0.1689487662891067665249522633530432358384132385253906250
-1.0403268163630734477465011877939105033874511718750000000
-0.4533769386710327919942642438400071114301681518554687500
-0.3807827740349874479086622613976942375302314758300781250
0.3797524504138258816254847261006943881511688232421875000
-0.7415386159231998064456092834006994962692260742187500000
0.1680169377350824444494747922362876124680042266845703125
0.7346463606259918677210407622624188661575317382812500000
0.7894589224964969620401689098798669874668121337890625000
0.5902411084935118568139955641527194529771804809570312500
0.3804618535385256294922839970240602269768714904785156250
-1.0709476368496193554591400243225507438182830810546875000
0.4361829056319499464677846845006570219993591308593750000
-0.2292421555769447449879550049445242621004581451416015625
0.5074524483090633308890460284601431339979171752929687500
-0.2595977744273040843658861831499962136149406433105468750
0.7836315327092659988039713425678201019763946533203125000
0.0195186376907468782382348848614128655754029750823974609
-0.2057166446063196929561200931857456453144550323486328125
0.2370952360434246120046708483641850762069225311279296875
0.1062279709707763808435032615307136438786983489990234375
0.6149301144541593489023512120184022933244705200195312500
-0.6821818235771777150233674547052942216396331787109375000
0.7480962433045700299416580492106731981039047241210937500
0.4333185280455250643072417915391270071268081665039062500
0.6794288781264196108722330791351851075887680053710937500
0.7402060911524699360342083309660665690898895263671875000
-0.4766470219870100888392983051744522526860237121582031250
0.5205583009250879245044529852748382836580276489257812500
-0.0975106552168586576678777078086568508297204971313476562
-0.5891044502357669632175429796916432678699493408203125000
-0.2019741893829154200101783089849050156772136688232421875
0.2625813271578684160445504858216736465692520141601562500
0.6119697027270867284443056632881052792072296142578125000
-0.8236563338842917136872756600496359169483184814453125000
-0.7168867212689323809016173072450328618288040161132812500
0.3967409089023522517081232763302978128194808959960937500
0.2584561102653729069977828203263925388455390930175781250
-0.5560447984884232530689018858538474887609481811523437500
0.1675991217286018353238574718488962389528751373291015625
-0.0417889602475717825136314331757603213191032409667968750
0.4720690187532020076766059446526924148201942443847656250
-0.7014358677192195079541647828591521829366683959960937500
0.5452650540958958735870965028880164027214050292968750000
0.7344218578692687238174130470724776387214660644531250000
1.0210869562165583168678040237864479422569274902343750000
-0.2076119109749716973301048028588411398231983184814453125
0.5618015709658357170752651654765941202640533447265625000
0.5677081309022785626794416202756110578775405883789062500
-0.6058038964814448368301214031816925853490829467773437500
0.9375123693087374920906995612313039600849151611328125000
-0.4220960025179153474184090555354487150907516479492187500
-0.0593710159194911907265534978250798303633928298950195312
-0.2304840131382018542094414215171127580106258392333984375
0.0385702501687224807991327679701498709619045257568359375
-0.8740437706061121581058159790700301527976989746093750000
-0.3714414040118607096552238999720430001616477966308593750
0.5818615970435203621491382364183664321899414062500000000
1.0700453278624693087550667769392021000385284423828125000
0.3019302198066993181413408819935284554958343505859375000
-0.1650190143600917536126360118942102417349815368652343750
0.3048845888672551684983602626743959262967109680175781250
0.6380839879908857259493970559560693800449371337890625000
0.0817770468169018854842633459156786557286977767944335938
1.2210426154880786864254105239524506032466888427734375000
1.1971467622555902465819599456153810024261474609375000000
0.5476783468026147350116161760524846613407135009765625000
0.2994746160275031932052058891713386401534080505371093750
-0.2903470357057065243111537711229175329208374023437500000
0.3938677915685103170240211056807311251759529113769531250
0.1904962953082676158089725504396483302116394042968750000
0.3473250711700616721877565851173130795359611511230468750
-0.1608872913065770848817237492767162621021270751953125000
-0.6106673401972588788311213647830300033092498779296875000
-1.5272875511423293914958776440471410751342773437500000000
-0.0007957150931904598050933841157927872700383886694908142
-0.0299565911627808975636888533244928112253546714782714844
-0.2937568023570696906787702573637943714857101440429687500
-0.0507376696505625959798813084944413276389241218566894531
-0.0963612122674768339924966653597948607057332992553710938
0.0014669171244230995183183141605809396423865109682083130
0.0161145387445869141262999590935578453354537487030029297
-0.0334832918901857776172725777996674878522753715515136719
0.0393056770814674480418737800846429308876395225524902344
-0.0058339508104669809268605362717607931699603796005249023
0.1345791814960598797856761166258365847170352935791015625
-0.3450751520206220002151553671865258365869522094726562500
-0.5105996550381325382872432783187832683324813842773437500
-0.2888703705879507310783083084970712661743164062500000000
0.0560177043169753571816293913343542953953146934509277344
0.0695992393515356411182182228003512136638164520263671875
-0.4925411145605253504520248952758265659213066101074218750
-0.5003668620315013804145110043464228510856628417968750000
0.0749829956836778055428993638997781090438365936279296875
0.2172785883575374388243517387309111654758453369140625000
0.6672778182754476317128933260391931980848312377929687500
0.0374272058650046909877850964676326839253306388854980469
-0.2182740196920778530387252658329089172184467315673828125
-0.0645512656028871534275026533578056842088699340820312500
-0.1294408045262242235029503945042961277067661285400390625
0.5848327711323981770163982218946330249309539794921875000
0.0197721342562721426328042895192993455566465854644775391
0.2600738592667822257631371485331328585743904113769531250
-0.2691819162596686410005020206881454214453697204589843750
-0.1208010078092904698854326284163107629865407943725585938
-0.0493688418625414654483662957318301778286695480346679688
0.1249030646429439839195651984482537955045700073242187500
0.0014463485737616990373793912638689107552636414766311646
-0.1682024177918008678300765268431860022246837615966796875
-0.3148175165241564599227785947732627391815185546875000000
0.2628612603015468840439439190959092229604721069335937500
-0.7124275019100312356101767363725230097770690917968750000
0.4091811653113012758886668507329886779189109802246093750
0.0097754948619155884043108173386826820205897092819213867
-0.0401447103348276657097670749863027594983577728271484375
-0.0473734981683291908605148989863664610311388969421386719
0.1340472166947993815089290592368342913687229156494140625
0.2145793555213250380919731696849339641630649566650390625
-0.1830506180137086158499215571282547898590564727783203125
0.1281527244250861008456610079520032741129398345947265625
0.6740624160371726514284773656981997191905975341796875000
-0.6565229063854616242679185234010219573974609375000000000
-0.0977197091928066335908553696754097472876310348510742188
-0.3453749075953205238675991495256312191486358642578125000
0.2061185363631879152723769266231101937592029571533203125
0.0134045024885510698220425496174357249401509761810302734
-0.0842640720351138933219559135068266186863183975219726562
0.0258707596846356954745083100988267688080668449401855469
0.3081701885822689113147987427510088309645652770996093750
0.2163694063164737779736412903730524703860282897949218750
-0.1336424028175157430187169893542886711657047271728515625
0.3178997687425607066025179392454447224736213684082031250
0.2042663281670787644994646825580275617539882659912109375
0.0216798161953463131013108977640513330698013305664062500
0.0864421232060143540643082360475091263651847839355468750
0.0884758670440554811920108591039024759083986282348632812
0.1063587057776140265552555774775100871920585632324218750
-0.0771286481738439194666412390688492450863122940063476562
0.0502799846829036431450354882599640404805541038513183594
-0.1223651476000645332842253765193163417279720306396484375
0.2108182092975681154456424337695352733135223388671875000
-0.2692855446540640684816025895997881889343261718750000000
-0.0671034756074890825772172320284880697727203369140625000
-0.0784238246399095867422701644500193651765584945678710938
-0.0052615072443907406202212584389599214773625135421752930
-0.2281527591513951014334793399029877036809921264648437500
-0.2055202901419999617083078646828653290867805480957031250
0.0561290146448908469634098139522393466904759407043457031
-0.2103670210874762080965894028850016184151172637939453125
-0.0826553387685989709998679586533398833125829696655273438
0.4024958866801245371824791163817280903458595275878906250
-0.5140047478688335447216672946524340659379959106445312500
-0.3201459638000576091165783054748317226767539978027343750
-0.2720603273828242074650063386798137798905372619628906250
-0.0496710688115120438390626134150807047262787818908691406
-0.3514788450700674915516685814509401097893714904785156250
-0.1619362905876296221396870578246307559311389923095703125
0.3222059004931728809495439236343372613191604614257812500
0.3437682517343139676491148293280275538563728332519531250
-0.2012810169244048374981304050379549153149127960205078125
0.2023205648384416299734311905922368168830871582031250000
-0.1752595328399425833598712642924510873854160308837890625
0.2957197167482382149650277369801187887787818908691406250
0.3103170436658644337768464538385160267353057861328125000
0.1808947240970996406250748123056837357580661773681640625
0.1766814986793114050644959434066549874842166900634765625
-0.4101916156264947543874654911633115261793136596679687500
-0.1257729236018444163303087179883732460439205169677734375
0.3258594342382741815278279773337999358773231506347656250
0.5545556085092172571293644978140946477651596069335937500
0.1751804466256040304639185478663421235978603363037109375
0.1410983579912405139200615167283103801310062408447265625
0.1464496236365205039664516561970231123268604278564453125
-0.3002664737955911267164310629596002399921417236328125000
-0.2958630264106970053639145135093713179230690002441406250
0.0758938234845393938643454134762578178197145462036132812
0.3939170429150131158557712751644430682063102722167968750
0.6258647273189145154859147623938042670488357543945312500
0.0407028335123106807524884231952455593273043632507324219
0.3506994123044853139958831889089196920394897460937500000
-0.1520581587687664104624474248339538462460041046142578125
-0.6008393837333266818134802633721847087144851684570312500
-0.1091492411299233578070300154649885371327400207519531250
-0.4699815356858322301647490348841529339551925659179687500
-0.5392660449618518203607209215988405048847198486328125000
-0.0131845872624076401041781636536143196281045675277709961
-0.0077974194134064651884319374630649690516293048858642578
0.0101147880600140072093751086867996491491794586181640625
0.0084444957748582658713099036162930133286863565444946289
-0.0465875452735425785166789580671320436522364616394042969
0.0803584233064195407880703214686946012079715728759765625
0.3271071909284826717545513474760809913277626037597656250
0.3690399174757822420289699039130937308073043823242187500
0.0084868773544899793470630555702882702462375164031982422
0.0144702885953064182972260809378894919063895940780639648
0.0524299942016630549090905333287082612514495849609375000
0.0359955342990228438493360840766399633139371871948242188
0.3544667719702395136671668751660035923123359680175781250
0.2854580365607013447970530251041054725646972656250000000
0.3916050815094245796110783430776791647076606750488281250
0.4082194900145760807497197220072848722338676452636718750
0.0358878930843426896535319770009664352983236312866210938
0.0281154548633649574440607210590314934961497783660888672
0.1527553707775486102615758454703609459102153778076171875
0.1242547638165283768740820846687711309641599655151367188
0.0080019780289230652003951149708882439881563186645507812
0.0084517507091071315816765974204827216453850269317626953
0.0006002539827256964197893518431214943120721727609634399
0.0002692205648231730695171814993216230504913255572319031
-0.0010909894557813025646464399898150077206082642078399658
-0.0007551615593369349118541000720483680197503417730331421
-0.0116648102305133786332769219029614760074764490127563477
-0.1046157861675904299225692284380784258246421813964843750
-0.2782253933795195144362821793038165196776390075683593750
-0.2235577852485720051767259519692743197083473205566406250
0.0209814907353110882692881489219871582463383674621582031
0.0190758856319588818162280574597389204427599906921386719
