nn
80,10,10,2
dIn
0
dIntern
,
dOut
,
normP
10.274334503415481,10.274334503415481,10.274334503415481,10.274334503415481,10.274334503415481,10.274334503415481,10.274334503415481,10.274334503415481,10.274334503415481,10.274334503415481,10.274334503415481,10.274334503415481,10.274334503415481,10.274334503415481,10.274334503415481,10.274334503415481,10.274334503415481,10.274334503415481,10.274334503415481,10.274334503415481,12.03532717866428,12.03532717866428,12.03532717866428,12.03532717866428,12.03532717866428,12.03532717866428,12.03532717866428,12.03532717866428,12.03532717866428,12.03532717866428,12.03532717866428,12.03532717866428,12.03532717866428,12.03532717866428,12.03532717866428,12.03532717866428,12.03532717866428,12.03532717866428,12.03532717866428,12.03532717866428,1.0,1.0,1.0,1.0,1.0,1.0,1.0,1.0,1.0,1.0,1.0,1.0,1.0,1.0,1.0,1.0,1.0,1.0,1.0,1.0,1.0,1.0,1.0,1.0,1.0,1.0,1.0,1.0,1.0,1.0,1.0,1.0,1.0,1.0,1.0,1.0,1.0,1.0,1.0,1.0
normY
1.0,1.0
w
0.7734427829357553019207216493668965995311737060546875000
-0.0269480855261886968754492244215725804679095745086669922
-0.0451340479636397895468746810365701094269752502441406250
-0.3753449542752981815674218069034395739436149597167968750
0.0897677540163614173795991746374056674540042877197265625
0.0277223960805774542748292077476435224525630474090576172
-0.4155473295969108193936847328586736693978309631347656250
-0.1261623531169653034123001589250634424388408660888671875
0.2480146867176620528727681858072173781692981719970703125
0.3557882304141310458867053512221900746226310729980468750
0.1773829003959611350094149884171201847493648529052734375
-0.1027633231490956700060479533931356854736804962158203125
0.0055585313532684069506850654818208568030968308448791504
-0.3852332144228584054346242737665306776762008666992187500
-0.0139138536971982838125194703593479061964899301528930664
-0.0017217226340943527287952186100028484361246228218078613
0.0750278211139461942424944140839215833693742752075195312
0.0199499549011295448930347617988445563241839408874511719
0.4645876453702489361496930087014334276318550109863281250
-0.0772930234698132601067754876567050814628601074218750000
0.0354955264994139541023798756214091554284095764160156250
-0.1427369242885375699714245456561911851167678833007812500
0.0012429554705466732550389608036311983596533536911010742
-0.2722005451678644605273404977197060361504554748535156250
0.2733612194418649221638872859330149367451667785644531250
0.0082157477043947133715784403307225147727876901626586914
0.0242530813217285562410907573394069913774728775024414062
0.0040722054309977537278619763583265012130141258239746094
0.5350249930282967580907893534458708018064498901367187500
-0.0121511674045005069189073765301145613193511962890625000
0.0157273412207792409600592975493782432749867439270019531
-0.1860430293304336790694009096114314161241054534912109375
-0.0111913591841546963823184057673643110319972038269042969
-0.1346299860528679948057373394476599059998989105224609375
0.3703519788319780126073510473361238837242126464843750000
0.0624462358476027268316954632609849795699119567871093750
-0.0007245730380899895531343624099918088177219033241271973
-0.0337471898843777207144256635729107074439525604248046875
0.4968423902738891562158585202269023284316062927246093750
-0.0780096630113802785855270371939695905894041061401367188
0.0348563569404912662608175821787881432101130485534667969
-0.0158171002447856437478357349846191937103867530822753906
-0.0028537085803388879956532520054679480381309986114501953
0.1939592116618971129327064772951416671276092529296875000
0.2213894856663038146482591628227964974939823150634765625
0.0384797975325655641776201321135886246338486671447753906
0.0641635466483757715971947277466824743896722793579101562
-0.0075454846521842639309185507556776428828015923500061035
-0.0433172973100023270265346297946962295100092887878417969
-0.1502072736483877346547188835756969638168811798095703125
-0.0716680764760350141884259755897801369428634643554687500
-0.1298119541616458705313164045946905389428138732910156250
-0.0112819185947848014267558269807523174677044153213500977
-0.3032041698213225333624620816408423706889152526855468750
0.3820035036371166592417125684733036905527114868164062500
0.0704180887907691066551763015013420954346656799316406250
0.0078980407420341756929982324209049693308770656585693359
-0.0350673194272578536700990525787346996366977691650390625
-0.2547273161524539752953444349259370937943458557128906250
-0.0903313425919857748702668231999268755316734313964843750
-0.0595156703678838550075624880264513194561004638671875000
-0.1767920710289083707777990639442577958106994628906250000
-0.0014479475236192597062401254959240759490057826042175293
-0.2665566497739770834840555835398845374584197998046875000
0.3248064289930195913669308538374025374650955200195312500
-0.0043202336158419483297388197229338402394205331802368164
-0.0407781530854862683810324597288854420185089111328125000
-0.0057139653552229947852669766916733351536095142364501953
0.2937457069353548444468060552026145160198211669921875000
0.0743746028574662765286973353795474395155906677246093750
-0.2504762690136668190632462938083335757255554199218750000
-0.2434976760868537426496516218321630731225013732910156250
-0.0071290079562375029478826782280975749017670750617980957
-0.4493083909071270420909627318906132131814956665039062500
0.4180559900899561975862184226571116596460342407226562500
0.0505902485433630533240290105823078192770481109619140625
-0.0567580906728747391909450925595592707395553588867187500
-0.0276284037560918273312982051947983563877642154693603516
0.5775379280188369657267344337014947086572647094726562500
0.1448750349154800942663712248759111389517784118652343750
0.0955763688852845072485564514863654039800167083740234375
-0.3592579502404793512226888196892105042934417724609375000
0.0097997134735867720556345972227063612081110477447509766
0.0093984546798496892278107495144467975478619337081909180
-0.2253969664166119435400048587325727567076683044433593750
-0.0604003221885753074915648141995916375890374183654785156
-0.0191712378758170237658120527157734613865613937377929688
0.0299181896442796205204395221244340064004063606262207031
0.2274478007221767683621038713681627996265888214111328125
0.1249294538477261490294623058616707567125558853149414062
-0.1092933288689180715280713229731190949678421020507812500
-0.3015594550674696172620770084904506802558898925781250000
-0.0096722133792985012790133225735189625993371009826660156
-0.0051138609116051780834055762170464731752872467041015625
0.3398817952364460159841996755858417600393295288085937500
0.0544273269908011267381731101977493381127715110778808594
-0.0093469029626257818521573028647253522649407386779785156
-0.0311284836485778357295650664582353783771395683288574219
0.4343665392242648248810610311920754611492156982421875000
-0.0533884305418817137200981903788488125428557395935058594
-0.0534525427528804303323184399232559371739625930786132812
-0.1037671801118287689957853103805973660200834274291992188
-0.0108665844582963213443838057514767569955438375473022461
-0.3756904865992562458920644985482795163989067077636718750
0.2464895449744582966999928430595900863409042358398437500
0.0830848642026672384863772435892315115779638290405273438
0.0070616607700209055309414907242171466350555419921875000
-0.0349929335346328973521679017721908167004585266113281250
-0.1744305802885112166578096548619214445352554321289062500
-0.0288641701373275501307791301996985566802322864532470703
0.0275675188991346201139442939620494144037365913391113281
-0.3236465585655013965649118290457408875226974487304687500
0.0082549213427764878830972250511877064127475023269653320
-0.4183884651905076523803472809959203004837036132812500000
-0.0798313662854759908960033953917445614933967590332031250
-0.0575312362640216304332518859609990613535046577453613281
-0.0147441310981099842764008300832756503950804471969604492
0.0257208207363810274770354880047307233326137065887451172
-0.1304091289352714566618374192330520600080490112304687500
0.0730066171062645763445431157379061914980411529541015625
-0.0123327896788207359846101240918869734741747379302978516
-0.2890708365711567306988172276760451495647430419921875000
-0.0018681807700524620009796539221724742674268782138824463
-0.2336324353555448707364661231622449122369289398193359375
0.2537773028028582067427976198814576491713523864746093750
0.0293275430099942183148620244992343941703438758850097656
0.0108442001941167123074682976380245236214250326156616211
-0.0071356050462785406210408645222287304932251572608947754
0.0427610459033247458648929750779643654823303222656250000
0.0163783272039017685495210230328666511923074722290039062
-0.0943206620866980233186538384870800655335187911987304688
-0.3218987012871299957517123857542173936963081359863281250
-0.0043686596309563795886843351468087348621338605880737305
-0.0601359689749138559555774463660782203078269958496093750
0.0028616191583416329159705870921470705070532858371734619
0.0300728507682695191116639676920385682024061679840087891
0.0034104683966502940400955523614356934558600187301635742
-0.0147970117727539984819884466560324653983116149902343750
0.1573378047362034570788580367661779746413230895996093750
-0.0368191425610421563252572241253801621496677398681640625
-0.0189121497193964309413427571371357771568000316619873047
0.2320563071394023679783202851467649452388286590576171875
0.0054216793265167272791726915670551534276455640792846680
-0.1025731124282198425401446684190887026488780975341796875
0.0633500942341243405975248492723039817065000534057617188
-0.0390041845187423033558538065790344262495636940002441406
-0.0121104492016926666014819957695181074086576700210571289
0.0168171469918390985298639606071446905843913555145263672
0.1422122395938522909641932301383349113166332244873046875
0.0476465211672923646957222842956980457529425621032714844
-0.0256284812241132989307779155296884709969162940979003906
0.0482117533520960844795055777467496227473020553588867188
-0.0021994193048348468014219214694549009436741471290588379
0.1617087130517087245618057522733579389750957489013671875
0.1681889532318814606259849142588791437447071075439453125
0.0227668195404666026671058887131948722526431083679199219
0.0279908307195415768930946143200344522483646869659423828
-0.0066853423079800931849714373811366385780274868011474609
0.3182226907666259596574320767103927209973335266113281250
-0.0751158219065154314497689824747794773429632186889648438
0.3307660406844485923016918604844249784946441650390625000
-0.2386479057646709589501909931641421280801296234130859375
-0.0066138451726740175862229165204553282819688320159912109
-0.4065821280606239374044719170342432335019111633300781250
0.1127024757252767794835079939730348996818065643310546875
0.0306461085917435482883774966467171907424926757812500000
0.0563177190016694029228716544821509160101413726806640625
-0.0131566655048922578896686275129468413069844245910644531
0.4843917424390130066491622073954204097390174865722656250
-0.2145914908548076927008452230438706465065479278564453125
0.1545421207482229886132074625493260100483894348144531250
-0.5272741937642045906287080470065120607614517211914062500
0.0050806913361998422978826894791382073890417814254760742
-0.1057724618159547602669334764868835918605327606201171875
0.3261879666173653768979079359269235283136367797851562500
-0.0631181451446449076625455631983641069382429122924804688
-0.0131206394311932268703646542462593060918152332305908203
0.0192917428022555195732401500663399929180741310119628906
0.4563612193048508514081618159252684563398361206054687500
-0.0260810470838847147101446921624301467090845108032226562
-0.1771736961361459472552581928539439104497432708740234375
-0.5260552158158211533134362980490550398826599121093750000
0.0029205908425588541013628862685891363071277737617492676
-0.4592141620298188509075032470718724653124809265136718750
-0.1004905592273401815361921762814745306968688964843750000
-0.0166833270747862860705623688772902823984622955322265625
-0.0500167928931892213917365097586298361420631408691406250
0.0046520498614189154801268344385789532680064439773559570
0.3525394837209766540908617571403738111257553100585937500
0.1648350481090268548900468204010394401848316192626953125
-0.2519768469433283364367071044398471713066101074218750000
0.0611301117893814568993171576494205510243773460388183594
-0.0111367260831476046906152177484727872069925069808959961
-0.1174382524503886360278670508705545216798782348632812500
0.2929347122672196213066797554347431287169456481933593750
0.0786658675747344132700433760874147992581129074096679688
-0.0397089342180034707285862793924025027081370353698730469
-0.0397418847663242383316806183302105637267231941223144531
0.0275475418811228882354225078188392217271029949188232422
0.0760911801176320096162797312899783719331026077270507812
-0.3210989651986955739637608076009200885891914367675781250
0.0272128266339286967179234011382504831999540328979492188
0.0660250710082718322846417891014425549656152725219726562
0.1950108029079060667498879411141388118267059326171875000
0.1987695695950257301909402940509608015418052673339843750
-0.4439495964735002409007336154900258406996726989746093750
0.2493402635769734199122638074186397716403007507324218750
0.2150417901101531747976025599200511351227760314941406250
0.1145644883200633568076654000833514146506786346435546875
-0.6501525204255274026365896133938804268836975097656250000
-0.3528318616002257823716092843824299052357673645019531250
-0.0995721483935630008454964468000980559736490249633789062
-0.0076453574673312147194637056202282110461965203285217285
-0.1808943258296786538164013791174511425197124481201171875
0.2654852848974929013792234400170855224132537841796875000
0.0883731961264875853778733016952173784375190734863281250
-0.0438647805862040079949437654249777551740407943725585938
-0.0330997697350730382681582852910651126876473426818847656
0.4549426941448340699913899243256310001015663146972656250
0.2072464842574120724716379982055514119565486907958984375
0.1009498315443858595941151179431471973657608032226562500
-0.1022372434236204080670873395320086274296045303344726562
-0.0020592266458448965985028600300665857503190636634826660
0.0568210576734175520918768143019406124949455261230468750
0.3039930453974371560299516659142682328820228576660156250
0.0366290997827000419651000129306339658796787261962890625
0.0536993970569797987590909826849383534863591194152832031
-0.0053546800637360291580391091770252387505024671554565430
0.4622914003365087287633627965988125652074813842773437500
-0.0947629284285429474010697958874516189098358154296875000
0.3152527315794765305767555219063069671392440795898437500
-0.2231823811632975551599855634776758961379528045654296875
0.0051704049356037524304285923903989896643906831741333008
-0.5381003869816495255307131628796923905611038208007812500
-0.1227190882083890877130016860974137671291828155517578125
-0.0039004781398044498924582157428631035145372152328491211
0.0976133735449145889528921316014020703732967376708984375
0.0214525094361714269153296186232182662934064865112304688
0.5486110429252003539701831869024317711591720581054687500
-0.1562853934227230734421709712478332221508026123046875000
-0.2283769046760713572474799093470210209488868713378906250
-0.0933509057337384706709570991733926348388195037841796875
0.0003566320997977750345553360489248007070273160934448242
-0.1738981706509187263876015094865579158067703247070312500
-0.0891506147722124775434338062041206285357475280761718750
-0.0132356883512203850339350452713915728963911533355712891
-0.0717424109054632108684046443158877082169055938720703125
-0.0035902780797856768957299067324129282496869564056396484
0.2163260776508469096501841022472945041954517364501953125
0.1718066686328686698548295908040017820894718170166015625
-0.0147983758842477729905651173680780630093067884445190430
0.0499705341761983445891814881179016083478927612304687500
0.0030025611336572345308471021496643516002222895622253418
0.3740536281517423677911438062437810003757476806640625000
-0.4209490241949011557487381196551723405718803405761718750
-0.0389524359685033336186954500135470880195498466491699219
-0.0301473932256773602400556910652085207402706146240234375
0.0095809321103086861337594370979786617681384086608886719
0.5591345350585341655857973819365724921226501464843750000
0.0403297305169311864903036735086061526089906692504882812
0.0110696158787067858164654410302318865433335304260253906
-0.3095015520555585708528667510108789429068565368652343750
-0.0009883704815576755970535360873441277362871915102005005
-0.6088196676460142509057504867087118327617645263671875000
0.1192896116684434432153594229930604342371225357055664062
0.0324928503419524353224012713781121419742703437805175781
0.0562793808406980844427636156979133374989032745361328125
-0.0025177659012339437434591093989411092479713261127471924
0.1499854124841306091120429755392251536250114440917968750
-0.0949699037022499054083723990515863988548517227172851562
0.0080535334307729744551807016250677406787872314453125000
-0.2332589905619288916938103284337557852268218994140625000
-0.0075928483700508312553845158276999427471309900283813477
-0.3287274185642515833549737180874217301607131958007812500
0.4118617068218357046838207224936923012137413024902343750
0.0028739654457730825359851323241855425294488668441772461
-0.0581246475037588486434181334061577217653393745422363281
-0.0218443302985642899549656448243695194832980632781982422
-0.0609197715622485369557637113757664337754249572753906250
-0.0027144321205826750509348954665256314910948276519775391
-0.0015914745725745318982724541001516627147793769836425781
-0.3345571816299521827886565006338059902191162109375000000
0.0065013923964405469918537150419979298021644353866577148
0.1781632250826727659198667197415488772094249725341796875
-0.1109833035075806079161608863614674191921949386596679688
-0.0317824213400995508882473927769751753658056259155273438
0.0125953742899568045532365800909246900118887424468994141
0.0194460849648473259321246331410293350927531719207763672
0.1921068246947508495470202660726499743759632110595703125
0.0210285371656888306346466777085879584774374961853027344
0.2310748415108917763749474261203431524336338043212890625
-0.2029150866717526202620547337573952972888946533203125000
0.0032548205676322457431670631677889105048961937427520752
0.1861548815488378028071281278243986889719963073730468750
-0.1857698954891168208192198108008597046136856079101562500
-0.0255381044670983034516886789333511842414736747741699219
0.0634976017183299101809268449869705364108085632324218750
0.0157184350484967511052403210669581312686204910278320312
0.2084813121968308313736173431607312522828578948974609375
-0.1852751641420519457259530327064567245543003082275390625
-0.1815917610929368430916497345606330782175064086914062500
0.0191846518518219398552471233188043697737157344818115234
-0.0083066401114789759074774622149561764672398567199707031
-0.3860774096814068023775234905770048499107360839843750000
0.2362174530022977669840855696747894398868083953857421875
0.0369537781095522835372868541981006273999810218811035156
-0.0221451039634687728285822316820485866628587245941162109
-0.0268901545281410823962087164318290888331830501556396484
0.4219503290140189100121403953380649909377098083496093750
-0.0424189564171324612340541193589160684496164321899414062
-0.0015535013010689741053127477243833709508180618286132812
-0.2011017984163872840408515685339807532727718353271484375
0.0113789659068279404297019397063195356167852878570556641
-0.1012523299302925533504904365145193878561258316040039062
-0.1045835712605049511170207665600173640996217727661132812
-0.0555971500095989654144368330435099778696894645690917969
0.0140288447624195653645751136195940489415079355239868164
0.0341585486550679620632031685545371146872639656066894531
-0.1015997399097196274286858397317701019346714019775390625
0.0646387720213362770849130356509704142808914184570312500
0.0381176514926396189930635216569498879835009574890136719
0.0408953933590154236621394545636576367542147636413574219
0.0013661386345975789439327607865948266407940536737442017
0.0347081663415676616724070413511071819812059402465820312
-0.0388095990992954401055392565922375069931149482727050781
0.0029828797915212295482900728416097990702837705612182617
0.0445035591007693354104191030273796059191226959228515625
0.0054826393733569114483095141565627272939309477806091309
0.3301680824160339033923605711606796830892562866210937500
-0.0973586238666569042665699384997424203902482986450195312
-0.2892136304799780011087761977250920608639717102050781250
-0.2047137067051127135020038849688717164099216461181640625
-0.0097385612765218086683827181104788905940949916839599609
0.1141217675943555914797045147679455112665891647338867188
0.1668036268842365832387741875209030695259571075439453125
0.0694468668008371009525703243525640573352575302124023438
-0.0354925657368617628040219358354079304262995719909667969
-0.0358501250956415468129634405158867593854665756225585938
-0.4141393531949725259622141493309754878282546997070312500
0.0618359836818449803974573342202347703278064727783203125
0.0481022998915264857200391190872323932126164436340332031
-0.2054871032920523032938575624939403496682643890380859375
0.0069636066618294252539289601600103196687996387481689453
-0.2915182368461354256439221899199765175580978393554687500
-0.0149317226953479265105784179468173533678054809570312500
-0.0622834418347914392510844550088222604244947433471679688
-0.0654927563523836769876496077813499141484498977661132812
0.0206755766542287416909218222826893907040357589721679688
0.2270942188707230080524368531769141554832458496093750000
0.1900137237172931647943840971493045799434185028076171875
0.1385753034451755738576395060590584762394428253173828125
-0.0335158529598455559583847218618757324293255805969238281
0.0049237342967552453001922607711549062514677643775939941
-0.1038360682452934280473044736936572007834911346435546875
0.3272621302180308555662691105681005865335464477539062500
-0.0623596120506924311843732766647008247673511505126953125
-0.0254487817660884844961355355508203501813113689422607422
0.0184909717805210836727436429782756022177636623382568359
0.3861729699058116804799567489681066945195198059082031250
0.0146305459910186508309948294481728225946426391601562500
-0.1754202832264167566389545527272275649011135101318359375
-0.2852642259730485130297950036037946119904518127441406250
-0.0100343878332842337958163980715653451625257730484008789
0.0874344682071887119301223378897702787071466445922851562
0.0403797833584975118803583882254315540194511413574218750
0.0878055232790669604181488239191821776330471038818359375
0.0245357162582462984268261152465129271149635314941406250
-0.0344936290598450295830090794879652094095945358276367188
-0.3767490959422045149196378588385414332151412963867187500
-0.0671530191654611113838413416488037910312414169311523438
-0.1694565422663694698179881470423424616456031799316406250
0.0080248312423154624650756261416972847655415534973144531
0.0005057710474421499464992013628261702251620590686798096
-0.1772539751421141340781417738980962894856929779052734375
-0.1384996865174600855219466666312655434012413024902343750
0.0122102496174387037397579547359782736748456954956054688
-0.0169569870078922907419283205854299012571573257446289062
-0.0022448392222678319532502833055787050398066639900207520
0.3916577743927586174876864788529928773641586303710937500
0.0923910434310636352606138643750455230474472045898437500
0.0087868769368514235834632941646304971072822809219360352
0.2623189553537494944635000138077884912490844726562500000
0.0028899651059175282021007635790965650812722742557525635
0.2061776383735691442478099588697659783065319061279296875
-0.2427992935751005776356947762906202115118503570556640625
-0.0223843037841133310483776597266114549711346626281738281
0.0010826271491792428119937952146756288129836320877075195
0.0094897017880590048971578553960171120706945657730102539
0.2197038817745005090387167001608759164810180664062500000
-0.0037870905635989382531647606811020523309707641601562500
0.0419382984211539300289928178244736045598983764648437500
-0.5368427756828275665412775197182781994342803955078125000
0.0071178536635375802901770647679313697153702378273010254
-0.4015138222775070930836704974353779107332229614257812500
-0.1898500352151216707952130491321440786123275756835937500
-0.0124960882699022939046340496815901133231818675994873047
0.0499457959015833299898368125013803364709019660949707031
0.0216589579914990559839083061888231895864009857177734375
0.4161648077044093896326160120224812999367713928222656250
-0.0127297757765361049808738869160151807591319084167480469
0.4305968827391338238363971413491526618599891662597656250
-0.3118514633044711659159986538725206628441810607910156250
0.2035737019229866828773367615212919190526008605957031250
0.0064213130672815610724968315992100542644038796424865723
0.2765232398037762995279820188443409278988838195800781250
1.9788119888024966464001863641897216439247131347656250000
-1.3482371999662647876760956933139823377132415771484375000
1.3803622900623049307711198707693256437778472900390625000
0.4830228972907854578799913269904209300875663757324218750
-0.4137005552502371341638820467778714373707771301269531250
-0.3700614857899643950212009713141014799475669860839843750
-0.4828072427620453965779745431063929572701454162597656250
-0.0633226781412183359343259780871449038386344909667968750
0.2004559366517838225885128622394404374063014984130859375
0.2749961425392307146076120716315926983952522277832031250
0.5675431987840913183873681191471405327320098876953125000
0.1566217562870559354415433972462778910994529724121093750
-0.1375641704327545400410315323824761435389518737792968750
-0.2523737415741689749104637030541198328137397766113281250
-0.3096329701595570416117197964922524988651275634765625000
0.1269774696559148874364097991929156705737113952636718750
-0.9482063451307557455649543953768443316221237182617187500
-0.0380036550427990046929771494887972949072718620300292969
0.4864891521330195756078751401219051331281661987304687500
-0.0703355919135913304485185904013633262366056442260742188
0.2086430887658080879365485316156991757452487945556640625
-0.0017477127594740394372907488218515936750918626785278320
-0.2553488627128788213127563722082413733005523681640625000
-0.1488974724368474222835345699422759935259819030761718750
0.2932864441636678920488634503271896392107009887695312500
0.3336712980930741645479997714573983103036880493164062500
-0.8863427423146178485424684367899317294359207153320312500
0.0361628991538447824849455969342670869082212448120117188
-0.1370531404816357490261680140974931418895721435546875000
-0.2312591796537148136625461347648524679243564605712890625
-0.0767484336723701227045424388961691875010728836059570312
-0.4694441357569395512072674137016292661428451538085937500
-0.1134188332750786371017071019196009729057550430297851562
0.3005137212204573304852317505719838663935661315917968750
0.2515027459866914782971036856906721368432044982910156250
-0.0450930573060791539674596606346312910318374633789062500
0.0263746668453059829317908224766142666339874267578125000
-0.1554716189140343263197507894801674410700798034667968750
-0.2199987292118139314833769049073453061282634735107421875
-0.2715281785936029534944680108310421928763389587402343750
0.2796681499363470324581726345058996230363845825195312500
0.4097457456686489085662117304309504106640815734863281250
-0.2191189295775049505898834922845708206295967102050781250
0.5458783346724364049507016716233920305967330932617187500
0.3737863604091609115442906841053627431392669677734375000
0.0221769890257862666016475117203299305401742458343505859
-0.6376337461270790152312315512972418218851089477539062500
-0.0149488083253813616724237078869919059798121452331542969
-0.1127554475322154470262603354058228433132171630859375000
0.1203535526926760440558084042095288168638944625854492188
-0.1239148891676162544950301480639609508216381072998046875
-0.5444133572597341652610225537500809878110885620117187500
-0.1780618506843191783950430817640153691172599792480468750
0.0678832041918472489649971635117253754287958145141601562
-0.4281910082399417172283051513659302145242691040039062500
-0.1430475309300092978670448928824043832719326019287109375
-0.7614393916873891665630935676745139062404632568359375000
-0.0539325335940406200285757165602262830361723899841308594
0.1840823591058368124961930334393400698900222778320312500
0.3772122944358011764620641770306974649429321289062500000
0.5116909470966460871110825792129617184400558471679687500
0.0146154862387053580130569230277615133672952651977539062
-0.2155443622485504195918082359639811329543590545654296875
-0.0191333692007324314421357058790817973203957080841064453
-0.4435139182338336261146594097226625308394432067871093750
-0.5533853230477667750619730213657021522521972656250000000
-0.0751761836945438882695569304814853239804506301879882812
0.0101849509274293779925724123813779442571103572845458984
-0.4132916940060822885705249518650816753506660461425781250
0.0902791856069385667549198615233763121068477630615234375
-0.2900704407750515634312193924415623769164085388183593750
-0.2172788501045851139448217281824327073991298675537109375
-0.0946600999959733846456089167986647225916385650634765625
0.3146256563090941704707859116751933470368385314941406250
-0.3620008471682025774640578674734570086002349853515625000
0.3124986737522973956338034895452437922358512878417968750
-0.7066284506279858490529477421659976243972778320312500000
-0.1230666631131506760787885923491558060050010681152343750
-0.1014206128472571188936512953659985214471817016601562500
-0.0863118957965979677338097530991944950073957443237304688
0.1218618963231232754651500727050006389617919921875000000
-0.3840436723228385917927596437948523089289665222167968750
-0.0800782105714207270708016039861831814050674438476562500
-0.4019639103309222694093705285922624170780181884765625000
-0.3320635287869339036248561569664161652326583862304687500
-0.2362870352387697880924832816162961535155773162841796875
-0.0045071468403765661478455051280889165354892611503601074
-0.0222823841992686871860129826927732210606336593627929688
-0.4120802672004107991554633372288662940263748168945312500
-0.4577056937266842928657695210858946666121482849121093750
-0.0108658392812612004940664434116115444339811801910400391
-0.0493823523636492886512705524637567577883601188659667969
-0.1056336332449115816833895564741396810859441757202148438
0.4044966325687742170202909619547426700592041015625000000
-0.4741288387439003826351324732968350872397422790527343750
0.3332902981399732955658521404984639957547187805175781250
-0.0068827929403486561368841201158375042723491787910461426
0.1202253031272507155513551424519391730427742004394531250
0.1578657940678597770833846425375668331980705261230468750
-0.2492962018707533533579123741219518706202507019042968750
-0.0442030054440515907110409443703247234225273132324218750
-0.0943360189142739696821493566858407575637102127075195312
0.0200421466458235025820400210250227246433496475219726562
-0.1794706957401085156700304423793568275868892669677734375
0.5689910915446194650257893954403698444366455078125000000
-0.1979427719721944811670510944168199785053730010986328125
0.2131177689375802486448918671158025972545146942138671875
-0.1044704997337618790353985787078272551298141479492187500
-0.4456726408902670355516306699428241699934005737304687500
-0.4676393898065754339832267305610002949833869934082031250
-0.2314168762300158610489830834922031499445438385009765625
-0.1204291537621885177511416031848057173192501068115234375
-0.0226169131382238375316262590786209329962730407714843750
0.4853800036860581035291772877826588228344917297363281250
-0.2868448636512768712414356286899419501423835754394531250
0.0794218696911025978657505675073480233550071716308593750
-0.0433463617087447641851305490945378551259636878967285156
0.0183915742460557946058585798709827940911054611206054688
-0.2693290799029597337721497751772403717041015625000000000
0.4648394066586018502640342831000452861189842224121093750
0.3219878502451278823315305999130941927433013916015625000
-0.0912186379846636613555332928626739885658025741577148438
-0.1538276520174308992228162651372258551418781280517578125
0.2710480277615655575473851968126837164163589477539062500
-0.0278300918236222202817309323563677025958895683288574219
-0.1685819679159652473288133478490635752677917480468750000
0.0391810375783064740451422380829171743243932723999023438
-0.0119124221811550308480764925889161531813442707061767578
-0.1718697993503868759468389271205523982644081115722656250
-0.0818410417471916590281821868302358780056238174438476562
0.2445319965080073598695520331602892838418483734130859375
0.0861222354887282159907613277027849107980728149414062500
0.0360308682937143590074846599691227311268448829650878906
0.3547523757362344709598289682617178186774253845214843750
-0.0825333775839408312346989760044380091130733489990234375
-0.1975035811026095988740536313343909569084644317626953125
-0.3974902647434299662876355796470306813716888427734375000
0.0788527191675328226194707781360193621367216110229492188
-0.4551649714025287063456914893322391435503959655761718750
0.4083694661002203463162629759608535096049308776855468750
-0.4288562024126902350040779765549814328551292419433593750
0.1134919563659802926869346606508770491927862167358398438
0.2275799888152522099105112829420249909162521362304687500
-0.1983152087303537425277966121939243748784065246582031250
0.0156125903215893740288988666975455998908728361129760742
0.1968710269339563612156496219540713354945182800292968750
-0.4194661537277963314629403157596243545413017272949218750
-0.0437569853440684525258674852921103592962026596069335938
-0.0168214845531507346809707570400860277004539966583251953
0.0522746566258638356572419070289470255374908447265625000
0.1608487217460722318307375644508283585309982299804687500
-0.1787832377132172745337612695948337204754352569580078125
-0.2170402547735470755174702617296134121716022491455078125
-0.1932763925391208226223227484297240152955055236816406250
0.1833325685592422371605891839863033965229988098144531250
-0.3046763028526249250660384859656915068626403808593750000
-0.4692312810214026574939794045349117368459701538085937500
0.0243553286829058732165798062396788736805319786071777344
0.2349356705589588922844512808296713046729564666748046875
-0.3375193155353241047933465779351536184549331665039062500
-0.0823204814906739884561304165799811016768217086791992188
-0.2352446608841174680026853138770093210041522979736328125
-0.0803250410919123525310681088740238919854164123535156250
-0.3670081587445816473369575305696344003081321716308593750
-0.0086477988127723164069049488489326904527842998504638672
0.3071713561269383552243539270421024411916732788085937500
0.1284624266065275133286149866762571036815643310546875000
-0.1010890739425655965311179329546575900167226791381835938
0.2344469171074176072622208266693633049726486206054687500
-0.2808801999436588148206794812722364440560340881347656250
0.0259615704357538147617479040718535543419420719146728516
0.4697921276168409154827543261490063741803169250488281250
0.1925806389600046297783109139345469884574413299560546875
0.0810364698460101229304797243457869626581668853759765625
-0.1800983423046412235102309296053135767579078674316406250
-0.0225400653675926522512273919573999592103064060211181641
0.2520849084979852050558690734760602936148643493652343750
0.0799881783191480760786262749206798616796731948852539062
0.0548502821228152720456350266431400086730718612670898438
-0.3272448702553552579708195935381809249520301818847656250
0.2323025465986609527924144913413329049944877624511718750
-0.0828236329895322143102021072991192340850830078125000000
-0.2046237752234077444946080959198297932744026184082031250
-0.2056822065899758245066664130717981606721878051757812500
-0.1746217327871880664602599608770105987787246704101562500
0.0426490924055887427046585003154177684336900711059570312
0.0981389885235459530354873436408524867147207260131835938
-0.0406342530231838389154219726151495706290006637573242188
-0.1529893451159779482750877832586411386728286743164062500
-0.2394071899708289374864023102418286725878715515136718750
0.1242211675857505942532910125919443089514970779418945312
0.0706701431623461412412368076729762833565473556518554688
0.0644118374901450629899102295894408598542213439941406250
-0.4005394594469913194245691556716337800025939941406250000
0.2508906344844819558126403080677846446633338928222656250
0.4841745907978618479461374590755440294742584228515625000
-0.1670503342218125908402726054191589355468750000000000000
-1.5851973558684782084071684948867186903953552246093750000
-0.2452855700553302209510064813002827577292919158935546875
0.2870471138503091212967888168350327759981155395507812500
-0.3861661247607222069433419164852239191532135009765625000
0.5552530707895926287420707012643106281757354736328125000
-0.1083779026543821855099736239935737103223800659179687500
-0.1898105128728660440096120964881265535950660705566406250
-0.0022537086611311568651316861178202088922262191772460938
-0.0800965526692710982903378180708386935293674468994140625
-0.4806391173731134891511374007677659392356872558593750000
0.2136995593622484368445668678759830072522163391113281250
0.1808842580571376756903845262058894149959087371826171875
-0.1996851604237971367084014673309866338968276977539062500
-0.2982916004003841603520186254172585904598236083984375000
0.7482519365486814955090721923625096678733825683593750000
0.2205531382618651781157836921920534223318099975585937500
0.1361783069355210762374497335258638486266136169433593750
0.7250053528703777061537039116956293582916259765625000000
-0.0249682561678144267214296547763296985067427158355712891
-0.3972871656094087988719820714322850108146667480468750000
0.1601084423500709619236914704742957837879657745361328125
0.0203559540205393539602507502195294364355504512786865234
0.1827451643724659069434324010217096656560897827148437500
-0.1800381241538185350670175921550253406167030334472656250
0.5019890019751805931846888597647193819284439086914062500
0.2578695865999013903113734613725682720541954040527343750
0.5851053426339887231222292029997333884239196777343750000
-0.2477477253507880394778339905315078794956207275390625000
-0.3615252135759038365492301636550109833478927612304687500
-0.8902510410322643785718810249818488955497741699218750000
0.0108817424182465413706744072896981379017233848571777344
-0.1937037905597018827563715603901073336601257324218750000
0.0965656741487018466241210035150288604199886322021484375
-0.2790610278572090985349518632574472576379776000976562500
-0.0622057013870423447521318394137779250741004943847656250
-0.0303517418572538354160084139721220708452165126800537109
-0.1921792693837435783699163494020467624068260192871093750
0.0835238833440816036413067990906711202114820480346679688
-0.2547567157505064572298181246878812089562416076660156250
-0.3481005478911539663400276367610786110162734985351562500
0.1924859572132412433020931530336383730173110961914062500
0.1593973443882168161689349972220952622592449188232421875
0.1445230935773159364199358378755277954041957855224609375
0.1365470150521658765363497423095395788550376892089843750
0.1706546530840375441862022398709086701273918151855468750
0.2827299607732518538227850513067096471786499023437500000
-0.2262847606503329001004232168270391412079334259033203125
0.3387559736463115478422025717009091749787330627441406250
0.0796865729624355034754756843540235422551631927490234375
-0.7658346362363339654422134117339737713336944580078125000
-0.0055226797624752868576258890698227332904934883117675781
-0.3411900422770544061279451852897182106971740722656250000
0.2309036417067189539409355347743257880210876464843750000
-0.1438459293009667072649193642064346931874752044677734375
-0.0440404767376765468589461249848682200536131858825683594
0.0083480069868386488213252150103471649345010519027709961
0.0558927442109622488186637667695322306826710700988769531
0.0281411644418306135240204213232573238201439380645751953
-0.2848033399002406484967764299653936177492141723632812500
-0.3766706308008607173576365312328562140464782714843750000
-0.0221570184031554748282921707414061529561877250671386719
-0.1784670624223816115527796455353382043540477752685546875
-0.3480916537938261723361677013599546626210212707519531250
-0.3416106368475993471101048726268345490097999572753906250
-0.3839493849760182153652010583755327388644218444824218750
-0.0754832381271404728728668942494550719857215881347656250
0.0982492311613408220161147710314253345131874084472656250
-0.4491572568057574099675832712819101288914680480957031250
0.1060244060217963302239496670154039748013019561767578125
-0.3761259602068572904798315903462935239076614379882812500
-0.0583167611141240382899297856056364253163337707519531250
-0.1451451120123458116140113816072698682546615600585937500
-0.4407360007739133389570440613169921562075614929199218750
0.0948144692290310564519728586674318648874759674072265625
-0.2689007151185205946042344749002950266003608703613281250
-0.0524849560395496267384274347023165319114923477172851562
0.2519113368759067772550963582034455612301826477050781250
-0.3015948314744602010151197646337095648050308227539062500
0.0228461929879498724937914033716879202984273433685302734
0.1593412094029083847512850979910581372678279876708984375
0.0834007306215296811968684664861939381808042526245117188
0.1180706927747156298469377588844508863985538482666015625
0.1294625515074276644877926401022705249488353729248046875
-0.1470494659278646365496712178355664946138858795166015625
0.0895419976711129966817637182430189568549394607543945312
-0.0614143604417576524645561164561513578519225120544433594
0.4352322549050523514679866821097675710916519165039062500
-0.0167039074324626043988040180465759476646780967712402344
-0.0643480157776215311304923716306802816689014434814453125
-0.5312282080466623757075694811646826565265655517578125000
0.0145468727184385974299241084395362122450023889541625977
-0.3067474939266818800831515545723959803581237792968750000
0.3166297596255099877637917415995616465806961059570312500
0.1081996713953898847648815717548131942749023437500000000
0.1278644373787135302134032599497004412114620208740234375
0.0651668381469165808317356436418776866048574447631835938
0.4461283990963875734081511836848221719264984130859375000
0.2067780482137764053174322498307446949183940887451171875
-0.1287912671311795542727907104563200846314430236816406250
-0.5651093376084033170769771459163166582584381103515625000
-0.0715463050616254453428766169054142665117979049682617188
0.4815924410839954594720779823546763509511947631835937500
-0.0023570013740720117088878193811751771136187016963958740
-0.6118567978640636617626569204730913043022155761718750000
-0.2975424868584776727509222382650477811694145202636718750
0.1268445814797611592705806060621398501098155975341796875
0.5178277566977534940306782118568662554025650024414062500
-0.3268304830188660803358402517915237694978713989257812500
-0.5118866343176200484066384888137690722942352294921875000
-0.3477849736685437176397783787251682952046394348144531250
0.1321484316865765562543089117752970196306705474853515625
0.1533878204464780847793292650749208405613899230957031250
0.3189928921155373298113033797562820836901664733886718750
0.0745622063511168220450997523585101589560508728027343750
0.1000029784866051374425666153911151923239231109619140625
0.0973316062603784837303777521810843609273433685302734375
-0.3736904172528825451848888405947946012020111083984375000
0.4643949713999047101964379180571995675563812255859375000
-0.1314415700186048474584765699546551331877708435058593750
-0.0609902349162957727046752154365094611421227455139160156
0.0166902364303207102758097590822217171080410480499267578
-0.2326226126291295048797991285027819685637950897216796875
0.0576139541237928806682866422761435387656092643737792969
-0.3728416566652697494710366754588903859257698059082031250
0.2137926604775021166560122765076812356710433959960937500
0.2534125535333184853215016119065694510936737060546875000
0.3941855929533371050155210468801669776439666748046875000
0.4317892684517196100202340858231764286756515502929687500
-0.3299867688055725944984430952899856492877006530761718750
0.3663620883033997799316239252220839262008666992187500000
-0.0136844595023577937642489388281319406814873218536376953
-0.1999643415707731963770754646247951313853263854980468750
0.2265215132453216873020807042848900891840457916259765625
-0.0853411687850396533105978846833750139921903610229492188
-0.0008947520123036532824212230252669542096555233001708984
-0.1149819098965417230040486629150109365582466125488281250
0.5246155968807637570705537655157968401908874511718750000
-0.4197155492828871792276856922399019822478294372558593750
0.0696096248069264789126719961132039315998554229736328125
0.2064252994798559670552862144177197478711605072021484375
-0.0508706744658605977682519494464941089972853660583496094
-0.2880120202592022504717306219390593469142913818359375000
0.3683265467956870486965215150121366605162620544433593750
0.2389020635552140392476871966209728270769119262695312500
-0.0317091959242723903100724669457122217863798141479492188
-0.1400428484041179866270709908349090255796909332275390625
-0.2463815774128014501886951848064200021326541900634765625
-0.2321817827283013113692788920161547139286994934082031250
0.3735864111955303767942382364708464592695236206054687500
-0.1408452409401191873783432129130233079195022583007812500
0.0053946257892728086830169687004854495171457529067993164
0.3818625870841320102400118230434600263833999633789062500
-0.2388561748870864642757538831574493087828159332275390625
-0.2590120895160852865224399010912748053669929504394531250
-0.2165286370560628170789385649186442606151103973388671875
0.1132812529683293045756897754472447559237480163574218750
-0.0039675136020661562474831640656702802516520023345947266
-0.2115687586238580997211045087169623002409934997558593750
-0.1359493799172569183930647795932600274682044982910156250
-0.1981726863301191410293711214762879535555839538574218750
-0.0708034212618118136139955254293454345315694808959960938
-0.2693540036008585936144754668930545449256896972656250000
0.0283712582341197651347730612769737490452826023101806641
0.0939295463766726262955231163687130901962518692016601562
-0.2548254272543867271494377746421378105878829956054687500
-0.0653100753645667747582237439019081648439168930053710938
0.3821122602965811299036147374863503500819206237792968750
0.3697825114115013134252762938558589667081832885742187500
-0.4054913068734609660204171177610987797379493713378906250
-0.1670051157682995168762829507613787427544593811035156250
0.2278940196255503924938068394112633541226387023925781250
0.3751235850463602305993049412791151553392410278320312500
-0.3150932048772401294911560398759320378303527832031250000
-0.3958241505563881990070740357623435556888580322265625000
0.2372642573365409401908721065410645678639411926269531250
0.1863768032631827054057538362030754797160625457763671875
-0.0575968749623119308234109325894678477197885513305664062
-0.1039685992553282534167635731137124821543693542480468750
-0.4728665199616297054596714133367640897631645202636718750
-0.0649937389853190300437191240234824363142251968383789062
-0.1491166878880572366217194257842493243515491485595703125
-0.0058520594752885426309552130419433524366468191146850586
0.0007804743239513338252943963624375101062469184398651123
0.0234492365351114638583052141029838821850717067718505859
-0.3111034213015734795071409735101042315363883972167968750
-0.0116582681319222277588343317233920970465987920761108398
0.2535836089216738087337432716594776138663291931152343750
0.4988855857194393061959658552950713783502578735351562500
-0.1185449741493869169062236323952674865722656250000000000
-0.3438048306446611634967780446459073573350906372070312500
0.0581233210478077633176496874511940404772758483886718750
0.5012804527440573032492920901859179139137268066406250000
-0.2081252489853871734393209180780104361474514007568359375
-0.3414969780892819772866175753733841702342033386230468750
-0.2914885173859313449717944877193076536059379577636718750
-0.0130507507455703830601123627275228500366210937500000000
0.2253835001491988065946969754804740659892559051513671875
0.1817134388341405115685489590759971179068088531494140625
0.4990023823241303002617996753542684018611907958984375000
-1.1360677785107682336018797286669723689556121826171875000
0.0723313179066825129304163510823855176568031311035156250
-0.4810899554398649913267149713647086173295974731445312500
0.9763167284176368365677944893832318484783172607421875000
0.1617793084550140092492398480317206121981143951416015625
0.4144470086528578844919934454082977026700973510742187500
-0.3339252112028243124619564241584157571196556091308593750
0.5651994898525444233072789756988640874624252319335937500
0.3448132509091787478716639725462300702929496765136718750
-0.3008078018439399592409699835116043686866760253906250000
-0.1208043122208443398424293491189018823206424713134765625
0.1696364690503580074931733179255388677120208740234375000
-0.0509936907349132148570269862375425873324275016784667969
-0.0225135014548915116106009293162060203030705451965332031
0.2726704832095914188272445244365371763706207275390625000
0.3158823216318061843921327636053320020437240600585937500
-0.2835967678478038545009098925220314413309097290039062500
0.1200905751979191582456962805736111477017402648925781250
0.1684404366772023209364306239876896142959594726562500000
0.2400660630867182121495062574467738159000873565673828125
-0.3869400067749685923068625470477854833006858825683593750
-0.0059529632434436562105073420525513938628137111663818359
0.4466674491305199778956591671885689720511436462402343750
0.6031054016659485039753008095431141555309295654296875000
0.2428411180533390223423850784456590190529823303222656250
-0.2319030088029564451446162820502649992704391479492187500
-0.2190471628780774338007830692731658928096294403076171875
0.2581288145871024619637523755955044180154800415039062500
0.2196844856405169577051594842487247660756111145019531250
0.0901374231483848542545445070572895929217338562011718750
0.9756745916993503353609185069217346608638763427734375000
0.1601774878059271656205453382426640018820762634277343750
0.0960290965119243722369901661295443773269653320312500000
-0.1413992084823577077834499959863023832440376281738281250
0.3376782516480203444331209539086557924747467041015625000
0.5678027913700295359333836131554562598466873168945312500
0.4916728912891268898910368534416193142533302307128906250
0.7455441749181422883552272651286330074071884155273437500
-0.1639474241168819013125812489306554198265075683593750000
0.0199684925381109351638642124271427746862173080444335938
-0.0267711561473830406132634607274667359888553619384765625
0.4711787339099218763216470051702344790101051330566406250
-0.2103186182991063080116589389945147559046745300292968750
0.0103106469447266438366206386945123085752129554748535156
-0.0181387428536982781013264798275486100465059280395507812
-0.0213679054701346321509802805849176365882158279418945312
0.2042018716782819098831680548755684867501258850097656250
-0.1278333072252317570427493365059490315616130828857421875
0.1838140576035786621922341055324068292975425720214843750
-0.0247240285236565437987366067318362183868885040283203125
0.2707261339392901255962442519376054406166076660156250000
0.1097336074631345415042460444965399801731109619140625000
0.1753335626141457881388419082213658839464187622070312500
-0.5474825832520970880779032086138613522052764892578125000
0.0076626125480018444924290577091596787795424461364746094
0.3733425347452837828043925583187956362962722778320312500
-0.2161232758686246202550762518512783572077751159667968750
-0.1279375377903239352495035063839168287813663482666015625
0.2495493256718744057298664529298548586666584014892578125
-0.0483340400502639475077693020921287825331091880798339844
-0.2332830140518575290364822194533189758658409118652343750
-0.3605740908309305048362602974520996212959289550781250000
-0.2705694926723938853463380382891045883297920227050781250
0.5075518759570729621088958083419129252433776855468750000
0.7320930124548068462786432064604014158248901367187500000
0.1140909980161061154646517934452276676893234252929687500
-0.8433288545291149906901750910037662833929061889648437500
0.0814173900289535817931252381640661042183637619018554688
-0.0459607531750292827577020204898872179910540580749511719
-0.1366305390309336120768790578949847258627414703369140625
0.6023219559191822503052549109270330518484115600585937500
0.0404202008273844767827220891831530025228857994079589844
0.5448364066049421472470726257597561925649642944335937500
-0.9737443919075445819544256664812564849853515625000000000
-0.0538918993055503489641999692594254156574606895446777344
-0.3638627903430834975573304745921632274985313415527343750
-0.0278079210106099150578984335879795253276824951171875000
-0.4869142026163884029443806866765953600406646728515625000
0.5659566644097400178736734233098104596138000488281250000
0.8773214112093442595963210806075949221849441528320312500
-0.3913628092057259144631586877949303016066551208496093750
-0.4985842449674333654030533580225892364978790283203125000
-0.7509917832709191998219466768205165863037109375000000000
0.4172871474190613105825775619450723752379417419433593750
0.0906420901239470278021315152727765962481498718261718750
0.2369490003733306648925349691126029938459396362304687500
-0.4954966408168137159684363268752349540591239929199218750
-0.3393357231348771985146584029280347749590873718261718750
0.3013771686887359302353672774188453331589698791503906250
0.5097006630837953577994881015911232680082321166992187500
-0.0136210790661398812445570527529525861609727144241333008
0.1465554866090468255634959859889931976795196533203125000
-0.0015235019039270270013730623759329319000244140625000000
-0.3128430061561593422680971343652345240116119384765625000
-0.3015979242527578318977532489952864125370979309082031250
-0.4645576807654679396542007907555671408772468566894531250
0.3912413563185136999855728845432167872786521911621093750
-0.2787610209031510799526643040735507383942604064941406250
-0.2952713191420193172831432093516923487186431884765625000
-0.4309134666470766372725620385608635842800140380859375000
0.1145072885831724396332731430447893217206001281738281250
0.0582379142143893621663686133160808822140097618103027344
0.1481730767511768853683662428011302836239337921142578125
-0.3521466751423100727258486131177050992846488952636718750
0.3468859135471008547924043341481592506170272827148437500
-0.0585162985130125087862573707297997316345572471618652344
-0.3440252064538675269567136183468392118811607360839843750
-0.0599211292577929502400913008841598639264702796936035156
-0.2306435107259903194432126838364638388156890869140625000
0.3384454745738484371386789462121669203042984008789062500
0.9871707193414741565717918092559557408094406127929687500
0.3742248612796303941507858326076529920101165771484375000
-0.6478961406875527462290165203739888966083526611328125000
-0.6842992603957591679630922953947447240352630615234375000
0.2615606182235178933659369704400887712836265563964843750
-0.1751857662804081616769735774141736328601837158203125000
-0.0635259637038843860690207065999857150018215179443359375
-0.0178228651526466247423385880210844334214925765991210938
-0.1488165261908261649548279592636390589177608489990234375
-0.0212268352709996041549622702859778655692934989929199219
-0.2875327293941692952117250570154283195734024047851562500
-0.4461158545496862193324716372444527223706245422363281250
-0.8588709153259683759529252711217850446701049804687500000
-0.2670340881677885080947021378960926085710525512695312500
-0.0317625758016027992525209810992237180471420288085937500
-0.4172931633642740223422151757404208183288574218750000000
-0.3939901190005936082449977675423724576830863952636718750
0.2512546197262039426867374913854291662573814392089843750
-0.5650516657020807631539582871482707560062408447265625000
0.0945289011491858843783120391890406608581542968750000000
-0.6200967504076480008023963819141499698162078857421875000
0.2327736421382083087383563224648241885006427764892578125
-0.1237332633849369395440120911189296748489141464233398438
0.0921431515774807086138764589122729375958442687988281250
-0.4144051728648410759525688717985758557915687561035156250
-0.5618578481573737182230843245633877813816070556640625000
-0.2712619522878823019595984078478068113327026367187500000
-0.0806492381397492241745794672169722616672515869140625000
0.0252649447273290070348217284390557324513792991638183594
0.3715867778502793816741700538841541856527328491210937500
0.0546332073072501311905568854854209348559379577636718750
