nn
120,10,10,2
dIn
0
dIntern
,
dOut
,
normP
10.765351795613887,10.765351795613887,10.765351795613887,10.765351795613887,10.103810587193943,10.103810587193943,10.103810587193943,10.103810587193943,10.103810587193943,10.103810587193943,10.103810587193943,10.103810587193943,10.103810587193943,10.103810587193943,10.103810587193943,10.103810587193943,10.103810587193943,10.103810587193943,10.103810587193943,10.103810587193943,10.103810587193943,10.103810587193943,10.103810587193943,10.103810587193943,10.103810587193943,10.103810587193943,10.103810587193943,10.067037851429189,10.067037851429189,10.067037851429189,10.619042732852495,10.619042732852495,10.619042732852495,10.619042732852495,10.619042732852495,10.619042732852495,10.619042732852495,10.619042732852495,10.619042732852495,10.619042732852495,10.619042732852495,10.619042732852495,10.619042732852495,10.619042732852495,10.619042732852495,10.619042732852495,10.619042732852495,10.619042732852495,10.619042732852495,10.619042732852495,10.619042732852495,10.619042732852495,10.619042732852495,10.619042732852495,10.619042732852495,10.619042732852495,10.619042732852495,10.619042732852495,10.619042732852495,10.619042732852495,1.0105297582261585,1.0,1.0,1.0,1.0,1.0,1.0,1.0,1.0,1.0,1.0,1.0,1.0,1.0,1.0,1.0,1.0,1.0,1.0,1.0,1.0,1.0,1.0,1.0,1.0,1.0,1.0,1.0,1.0,1.0,1.0,1.0,1.0,1.0,1.0,1.0,1.0,1.0,1.0,1.0,1.0,1.0,1.0,1.0,1.0,1.0,1.0,1.0,1.0,1.0,1.0,1.0,1.0,1.0,1.0,1.0,1.0,1.0,1.0,1.0
normY
1.0910509442531449,1.0
w
-0.5288510007877247343088811248890124261379241943359375000
0.1065558372699447475806522334096371196210384368896484375
-0.1534438388084438109615348366787657141685485839843750000
-0.0888037274169028723047603079976397566497325897216796875
0.1225595819756002263778427163742890115827322006225585938
0.3226540101013995465173422871885122731328010559082031250
-0.1664315053087832285694247502760845236480236053466796875
-0.3810804296575579508399300721066538244485855102539062500
-0.3434268028840805619950060645351186394691467285156250000
-1.5524213932161678997090348275378346443176269531250000000
0.0219947481446599868437630220796563662588596343994140625
-0.1762072998957809888409542509180027991533279418945312500
-0.1545863402939120778700754499368485994637012481689453125
-0.0045752535815033893232262052208625391358509659767150879
0.2139508637879724561869920762546826153993606567382812500
0.0063415548067201621407207312586251646280288696289062500
-0.0070633395875941912614437434569936158368363976478576660
0.5545989934752454386668318875308614224195480346679687500
-0.0105106367962340442601121281995801837183535099029541016
-0.2369264466512527034236512690767995081841945648193359375
0.0053553348041073742247242250869021518155932426452636719
-0.1710775947867441693084344933595275506377220153808593750
-0.2855461400894981904841074538126122206449508666992187500
-0.0073594867266164563923691588342990144155919551849365234
0.1337312106841468395401761881657876074314117431640625000
0.0120821351045027405857190672122669639065861701965332031
-0.0113386248043685147757209108476672554388642311096191406
0.2683187277643191981368886445125099271535873413085937500
-0.0162016472322756358015460875776625471189618110656738281
-0.1081533166250276678521657913734088651835918426513671875
-0.0184534071972230345748400281991052906960248947143554688
-0.0639791786546090313070322963540093041956424713134765625
0.3386409485886306414137436604505637660622596740722656250
-0.0058185382555219489209008543184609152376651763916015625
0.1152141437823585301547524295529001392424106597900390625
0.0224121275200966224572241003443195950239896774291992188
-0.0107660013400297845803654794849535392131656408309936523
-0.4201094148629315183640642317186575382947921752929687500
-0.0254509749892518691294363009092194261029362678527832031
-0.1794368969347159004090741518666618503630161285400390625
-0.0312909530755773115928697336585173616185784339904785156
0.0045414012158587271916765359947021352127194404602050781
-0.1170265089137059733026546837209025397896766662597656250
-0.0010246781133283243761522562920163181843236088752746582
0.0595830434796707775202406764947227202355861663818359375
0.0230620622816495035589667850217665545642375946044921875
-0.0035536587317462203783335894513584207743406295776367188
0.2598603518613664120628925502387573942542076110839843750
-0.0235701648574745542541464260466455016285181045532226562
-0.0583823908941687522156094303227291675284504890441894531
-0.0352120761593249023690965771038463572040200233459472656
0.0815367509239234289353248641418758779764175415039062500
-0.5393345839520236051356505413423292338848114013671875000
0.0052089191959989421254473285216590738855302333831787109
0.0945089820094376087400434016672079451382160186767578125
0.0248584857198649554488323332179788849316537380218505859
0.0052623737214115172064476944058242224855348467826843262
0.3200304364319497829605154493037844076752662658691406250
-0.0235920055728857901156114706964217475615441799163818359
-0.0040027330236792751927410449752642307430505752563476562
-0.0287157135420022663341299562489439267665147781372070312
0.0315953804894977541284362132500973530113697052001953125
-0.4740844239610467747425559537077788263559341430664062500
-0.0008031658542508850889829474795078567694872617721557617
0.0749128439897359110766217327181948348879814147949218750
0.0201169585811436617273084692669726791791617870330810547
-0.0031566847566833998450785969680509879253804683685302734
0.2082087696965323753151011487716459669172763824462890625
-0.0206501433030450778915998455431690672412514686584472656
-0.0030096661838315830195256239676382392644882202148437500
-0.0164068076866546175285321851333719678223133087158203125
0.0473462847983981000021813656530866865068674087524414062
0.0054686427458233120846298191963796853087842464447021484
-0.0016839890222534485350602828646060515893623232841491699
0.0873858422980724747208824965127860195934772491455078125
0.0151928632957233009093123143884440651163458824157714844
-0.0048276898046533175262728931897981965448707342147827148
-0.1006219897546057201465075081614486407488584518432617188
-0.0166346835761687107668738150323406443931162357330322266
-0.2177710146588129891398466497776098549365997314453125000
-0.0339553851254042471374816614115843549370765686035156250
0.0256678472314084589467331198875399422831833362579345703
-0.1454111038555402635186197812799946404993534088134765625
0.0058167830234990879414991304940940608503296971321105957
0.0058596637321731755848608358405726903583854436874389648
0.0172330029230945598606172808331393753178417682647705078
0.0077108149238087776017325225552667689044028520584106445
0.4175338094314550718699763365293620154261589050292968750
-0.0144837221538951024801811229281156556680798530578613281
0.0998498394027995811450537644304858986288309097290039062
-0.0322452148174422886794943110544409137219190597534179688
0.0328219035140916437498503910319413989782333374023437500
-0.1914529512214384610047090973239392042160034179687500000
-0.0002013232472350768090252337572110263863578438758850098
0.0603056239245516670366420441951049724593758583068847656
0.0232009254174087506394918989371944917365908622741699219
-0.0029689337906235475222915809467849612701684236526489258
0.6173347548343146584670648735482245683670043945312500000
-0.0234555281753241716413693751519531360827386379241943359
-0.2067691564344003307684971559865516610443592071533203125
-0.0020922821034687864860668327082748874090611934661865234
0.0207399336796789644787875062093007727526128292083740234
-0.4316641452315022609020900290488498285412788391113281250
-0.0059498726144158083084523269690180313773453235626220703
0.0915046858189277889650270481070037931203842163085937500
0.0080481508612030502880507754071004455909132957458496094
-0.0103464118395123847587990795204859750811010599136352539
0.3462413376864884040351455496420385316014289855957031250
-0.0112016221678563482333501610810344573110342025756835938
-0.0562961281258001419725012226535909576341509819030761719
-0.0168629865004868359501521979382232530042529106140136719
0.0110423290016338649516258740845842112321406602859497070
0.1417896067589561048816193533639307133853435516357421875
-0.0020012357336915325214943273124390543671324849128723145
0.0658322748588069106556730503143626265227794647216796875
0.0148542502191465371208511925260609132237732410430908203
-0.0048610223678527911955749019057293480727821588516235352
0.2724129527539616568709845978446537628769874572753906250
-0.0160552746761502031225266051706057623960077762603759766
-0.1767328102637383269168935839843470603227615356445312500
-0.0252662885103591174085213566513630212284624576568603516
0.0325579283116135403952640103852900210767984390258789062
-0.2551372588019924503299762363894842565059661865234375000
0.0011596836070065122230310361572946931119076907634735107
0.0314405799204078989506072616677556652575731277465820312
0.0145807552328794942653189536940772086381912231445312500
0.0004110780654898310570999342417053412646055221557617188
-0.4678356545581593972649159240972949191927909851074218750
-0.0139522038752076388279377283652138430625200271606445312
0.0248305255588203085959086990897048963233828544616699219
-0.0022710406547516923114748976786358980461955070495605469
-0.0288657142754913387250326195498928427696228027343750000
-0.2454908670571708528829191209297277964651584625244140625
-0.0125258378163235623015125952406378928571939468383789062
0.0944788530160288186898753792775096371769905090332031250
0.0124165849177688032700661580065570888109505176544189453
-0.0208500849025627932320503532537259161472320556640625000
0.2426066962231719359444070960307726636528968811035156250
-0.0179198385244714424036072131229957449249923229217529297
-0.2531934252307710964124964903021464124321937561035156250
-0.0114784305751842868881240633527340833097696304321289062
0.0127680770468815221740932486227393383160233497619628906
-0.1841440732126520540834491157511365599930286407470703125
0.0014398497928871491560731676884188345866277813911437988
0.0307465450825527217282306935430824523791670799255371094
0.0072060932821863179359445084060098452027887105941772461
0.0016158457466070898222998408755302079953253269195556641
0.4300928739920943377761375359114026650786399841308593750
-0.0067988025487363649979055679750672425143420696258544922
0.0267431298470580738890767236171086551621556282043457031
-0.0228882327057340038967137019199071801267564296722412109
0.0321504901518028796125747703626984730362892150878906250
-0.3281883305535700512400865136442007496953010559082031250
-0.0007170974405788467162525812170770223019644618034362793
0.0652554460597791347042928578048304188996553421020507812
0.0167678641161444728913121338109704083763062953948974609
-0.0030739133306855528915413344748230883851647377014160156
0.0453102218664517900070798361866764025762677192687988281
-0.0173105995931851046332194954402439179830253124237060547
-0.1163902481744331918189772068217280320823192596435546875
-0.0266581989219929690881905059995915507897734642028808594
0.0275882702466365530014069662456677178852260112762451172
-0.4235495876213306032376237908465554937720298767089843750
0.0021728932266267758990907488225730048725381493568420410
0.0168351157856221553266173884821910178288817405700683594
0.0162442292897322614064758994345538667403161525726318359
0.0015512006563580455799356005996969543048180639743804932
0.5499887122347365542296415696910116821527481079101562500
-0.0152707689791098111253830893474514596164226531982421875
-0.1432037625647896161851235774520318955183029174804687500
-0.0095112565222678011056522962007875321432948112487792969
-0.0027337517476198006788346006601386761758476495742797852
-0.0459326581261806227152177939387911465018987655639648438
-0.0056323672114253304707420788588478899328038096427917480
0.0515739933973231451380669909667631145566701889038085938
0.0100074898042419417609760756704417872242629528045654297
-0.0095166076159770834202999978401749103795737028121948242
-0.2456559664735434300730787526845233514904975891113281250
-0.0123487968601255094364121944749967951793223619461059570
-0.0097656302490391581894169092947777244262397289276123047
-0.0154246015413174036856602810985350515693426132202148438
0.0171563164515627468442726666353337350301444530487060547
-0.1858983740935287731765868102229433134198188781738281250
0.0005826373921043116917151127864826776203699409961700439
0.0584075370260975015868076809510966995730996131896972656
0.0114251974694463045295611536289470677729696035385131836
-0.0004568718268303101348593031616474036127328872680664062
-0.1302082458607077275480889966274844482541084289550781250
-0.0115639536720167288019744944449485046789050102233886719
-0.0916697529999826454805145203863503411412239074707031250
-0.0023512077278475293322379524596499322797171771526336670
-0.0123297597275856124499071597711008507758378982543945312
-0.1115111798130718478994083397992653772234916687011718750
-0.0077878348910524163029034383498583338223397731781005859
0.0758645498884515656623506174582871608436107635498046875
0.0083976446766433534424356466274730337318032979965209961
-0.0130553143026897067874303459689144801814109086990356445
0.8634641601497075047433327199541963636875152587890625000
-0.0119913312453291086290274591874549514614045619964599609
-0.1301909912229581300913139330077683553099632263183593750
-0.0058601234067399777041829089796465268591418862342834473
-0.0046910161729537148272983770880273368675261735916137695
-0.5173888963282440300872622174210846424102783203125000000
-0.0036998647865357321348755981205158605007454752922058105
0.0340252561556992141889033121060492703691124916076660156
0.0071845829129531559031907050894005806185305118560791016
-0.0064322598722746770344427247323437768500298261642456055
-0.1523424203723604541949043778004124760627746582031250000
-0.0088021508964076840969559256677712255623191595077514648
-0.0649318414770575363936799817565770354121923446655273438
-0.0159590382519160245422540356230456382036209106445312500
-0.0028428970107437440476005896528022276470437645912170410
-0.2331289427362181199132606934654177166521549224853515625
0.0003503300205517294145518558678986664745025336742401123
-0.0011734837839730283270966992859030142426490783691406250
0.0083212267218780895661200958102199365384876728057861328
-0.0000683553501692746312556892007705755531787872314453125
0.5148011041029930678902815088804345577955245971679687500
-0.0077885958876528476463318995115514553617686033248901367
-0.0180837984809830987220635734047391451895236968994140625
-0.0032363598128873714149245088833595218602567911148071289
0.0040364350008484754794846338654679129831492900848388672
-0.2785673780560064538569520209421170875430107116699218750
-0.0066458146410432608966467604716399364406242966651916504
0.0610897984258358117681808607812854461371898651123046875
0.0072940681878824343425948839580996718723326921463012695
-0.0111819035661490547017837826615505036897957324981689453
-0.2758171607363602562124071937432745471596717834472656250
-0.0102454860777694382878433287942243623547255992889404297
-0.0826624203241434346578486724865797441452741622924804688
-0.0139809533560720927747311748134961817413568496704101562
-0.0074672246775336296314984352306964865420013666152954102
-0.4362022408982937360377718505333177745342254638671875000
-0.0024446989613596797202843546870099089574068784713745117
0.0394791250760564912947181426261522574350237846374511719
0.0108584678001563059157597024295682786032557487487792969
-0.0047837422471344176466701014760474208742380142211914062
0.2948062100841234434156490351597312837839126586914062500
-0.0118926170094989201719837268456103629432618618011474609
-0.0734554225399639409976870751961541827768087387084960938
-0.0073123303619559345406520023402663355227559804916381836
0.0014578285797810903133553406263445140211842954158782959
-0.4461761516550425965554893537046154960989952087402343750
-0.0043622376585107994206857995322934584692120552062988281
0.0405718964255082081837855412231874652206897735595703125
0.0077519641342961263796862425579092814587056636810302734
-0.0077548838416693979813665293931990163400769233703613281
0.1942061366743880468366256764056743122637271881103515625
-0.0096075821842538794426147319427400361746549606323242188
-0.1427919857096496825121789697732310742139816284179687500
-0.0088538299448775725775107048320933245122432708740234375
0.0173903079785299521931030142241070279851555824279785156
-0.0703461022890465165202655839493672829121351242065429688
0.0015693531249525497200253409957326766743790358304977417
-0.0186113792063088909212176247365277959033846855163574219
0.0027351618517437860204910560213420467334799468517303467
0.0023802983698325871735057557287973395432345569133758545
0.4191686660817323661909483689669286832213401794433593750
-0.0017310384505540930139000366239088180009275674819946289
0.1055607211240808668284429927552992012351751327514648438
-0.0046975771480948121106013815051483106799423694610595703
0.0016801626713828232695391307061072438955307006835937500
-0.5634086854910973496401993543258868157863616943359375000
-0.0075915873971686472637676601493694761302322149276733398
0.0976326516510660352698991459874378051608800888061523438
0.0111364244097234728336776043988720630295574665069580078
-0.0132947344590326286400960853484320978168398141860961914
0.5424357789278635433305453261709772050380706787109375000
-0.0148519072656942835441995498513279017060995101928710938
-0.2063838540026036727503822021390078589320182800292968750
-0.0094565438235001738481733113417249114718288183212280273
0.0033824656951428454937369494359700183849781751632690430
-0.2501935307960685972439307533932151272892951965332031250
0.0006728553609266674402633601204115620930679142475128174
0.0063833348735121211992016299063834594562649726867675781
0.0061089191945136404188199108489243371877819299697875977
0.0004469661507390961484309510609591598040424287319183350
-0.1698780317203498757550050868303515017032623291015625000
-0.0058050388084854749604080126346161705441772937774658203
-0.0656184606350473792479860435378213878720998764038085938
-0.0014020536740296709460329438456938078161329030990600586
0.0146413566735966171883376318874070420861244201660156250
-0.0861012083449029519410800048717646859586238861083984375
-0.0032187045026538380065872502200363669544458389282226562
0.0398275040674141503349581228121678577736020088195800781
0.0030533058395621837446953783512526570120826363563537598
-0.0055246906117955079870696089017201302340254187583923340
0.1377064256364093075557519796348060481250286102294921875
-0.0045648821216394842165131606748218473512679338455200195
-0.0527490651778010008476904602048307424411177635192871094
-0.0009131605515718009200010207848663412733003497123718262
0.0328861142460330768688692160139908082783222198486328125
-0.0711917090064461688392327687324723228812217712402343750
-0.0035017591965940259024492320349963847547769546508789062
0.0599251484376736726078505057557777035981416702270507812
0.0044483132308140178184929780513812147546559572219848633
-0.0063978691920891540834137600768372067250311374664306641
0.4639240647119986515889422662439756095409393310546875000
-0.0063451884516046198891903173944228910841047763824462891
-0.1085873951872976250765390204833238385617733001708984375
0.6732675470356775937474935744830872863531112670898437500
-0.0571002916726550957537966723975841887295246124267578125
-0.5203841610466847233951170892396476119756698608398437500
-0.0759016402144535584639584158139768987894058227539062500
-0.5229542425168278718672354443697258830070495605468750000
-0.4009972628567663455179115317150717601180076599121093750
-0.0864134641012452159314349842134106438606977462768554688
0.3141056867360361715135752547212177887558937072753906250
0.3663377298617832567018126610491890460252761840820312500
-0.6040744649030228563546529585437383502721786499023437500
-0.0008223562958560130808915999978125910274684429168701172
-0.2398287216765478402358269249816657975316047668457031250
-0.1804761567457213999876586285608937032520771026611328125
0.0103102028470552966460394017644830455537885427474975586
-0.0267122894223788404088892889376438688486814498901367188
-0.0003540028608085537403793452426725707482546567916870117
0.0184056902738845666600564499049141886644065380096435547
0.2026181431488027206988533635012572631239891052246093750
0.0045901648370401462728729313766962150111794471740722656
0.0399118808122570570273701662245002808049321174621582031
0.0146529873419727566657977391173517389688640832901000977
-0.2157767585920428166090800914389546960592269897460937500
0.2862378821730902633824200620438205078244209289550781250
0.0085718540854816636931357010098508908413350582122802734
0.0139821717095935660335470629433984868228435516357421875
-0.0035530965484555998915028318663189565995708107948303223
0.0156021615307752464785195911645132582634687423706054688
0.2871874720787422896606244648864958435297012329101562500
0.0062812239029317283589559650636147125624120235443115234
0.1338964967896705271499513401067815721035003662109375000
0.0360674308659892361994536713609704747796058654785156250
-0.1145082544914325095586349334553233347833156585693359375
0.0273309582138740563006518158317703637294471263885498047
0.0079986203748548916070415515378044801764190196990966797
0.0234620429958754504740081614500013529323041439056396484
-0.0170894597053749958126545038794574793428182601928710938
0.0149289373205342343342572064557316480204463005065917969
0.2539952595693296677481498591077979654073715209960937500
0.0189717573419911286758399171503697289153933525085449219
0.1668685914797793656827451513890991918742656707763671875
0.0275655838858620931552945165776691283099353313446044922
-0.0770738242532920808658403188928787130862474441528320312
-0.4846956444459583068784525039518484845757484436035156250
0.0134666735162271289372171167997294105589389801025390625
-0.0672966200950160520211085213304613716900348663330078125
-0.0207078623879789515405125399638563976623117923736572266
0.0239663739236219835992969251492468174546957015991210938
0.4088640387962020894541126381227513775229454040527343750
0.0257515802486790387759718612414872040972113609313964844
0.3077927954792402109873705740028526633977890014648437500
0.0217642185757102799015250127467879792675375938415527344
0.0190770908505349667816375358597724698483943939208984375
0.2567328160903430966932603496388765051960945129394531250
0.0128154832613859657325372509717453795019537210464477539
-0.1053227969201374902841195080327452160418033599853515625
-0.0206743946524724254987237515024389722384512424468994141
0.0220024444775481879676970464743135380558669567108154297
-0.0019265473264886501594816969884504942456260323524475098
0.0258427242486150496314500912831135792657732963562011719
0.2461882340780999767204662020958494395017623901367187500
0.0164228004736201547986151894065187661908566951751708984
-0.0021972080409962194136319624249154003337025642395019531
-0.0348957130051937153281116366088099312037229537963867188
0.0121225342119114960770520639243841287679970264434814453
-0.1003824296969100804410857108450727537274360656738281250
-0.0178464411385757006078822684003171161748468875885009766
0.0207803737989894349302844034355075564235448837280273438
0.4841832751494994369068081141449511051177978515625000000
0.0228642233633770362855042179717202088795602321624755859
0.1821767473494237121744987462079734541475772857666015625
0.0176280790666911435504715655042673461139202117919921875
-0.0055997646072722395693688213214045390486717224121093750
0.0719090983088618296292793274915311485528945922851562500
0.0109853119205737849439774578286233008839190006256103516
-0.1001838975253913771590319470305985305458307266235351562
-0.0186244596991761296456147078970388974994421005249023438
0.0194259294980526908691587095745489932596683502197265625
0.0136429498479945475464258919373605749569833278656005859
0.0232780593969929006092911549785640090703964233398437500
0.3249927944571671112328203889774158596992492675781250000
0.0336761201849022501209063307214819360524415969848632812
-0.0170469747703586339826475892778034904040396213531494141
0.1827511231912214151318352151065482757985591888427734375
-0.0014775117853270979852153832467820393503643572330474854
-0.0040971095996101877106942978912229591514915227890014648
-0.0167173364304054189455328582880611065775156021118164062
-0.0008925587783641408291812613384763608337379992008209229
-0.0991000533705667790984605858284339774399995803833007812
0.0153491546039436956710977355555769463535398244857788086
0.0009338082308413707052774377359583013458177447319030762
0.0142649799863742501870866874469356844201683998107910156
-0.0072914535543667918782162473689822945743799209594726562
-0.7459954709885014967341021474567241966724395751953125000
0.0071200755893571924040608145389796845847740769386291504
-0.0602858437036500674488515016946621472015976905822753906
-0.0128271446472578640185524534444994060322642326354980469
0.0125388945672608095871503053331252885982394218444824219
-0.1048818863015834879082177621967275626957416534423828125
0.0157095518394877453616231832711491733789443969726562500
0.1779959412095144521970269124722108244895935058593750000
0.0138567172420911120800379734419038868509232997894287109
-0.0351701725149976274220620098276413045823574066162109375
0.3186501663791779792589409225911367684602737426757812500
0.0071045397267847192057654837071822839789092540740966797
-0.1314292144758859581799015359138138592243194580078125000
-0.0162937047408947786875099694725577137432992458343505859
0.0133542924602720620291806952195656776893883943557739258
0.0047881602154224191247866571075064712204039096832275391
0.0200278385778796599869799877069453941658139228820800781
0.1905121427990471849600595533047453500330448150634765625
0.0077412457595813534416695489426274434663355350494384766
-0.0038986376153559779145219010842993156984448432922363281
-0.4278304994255579529749411449301987886428833007812500000
0.0079645309516522544424077523217420093715190887451171875
-0.0597669620024901399046868277764588128775358200073242188
-0.0098784614773135930032577078918620827607810497283935547
0.0135895579075612348701751486146349634509533643722534180
-0.1924771256541367159265121244970941916108131408691406250
0.0132393722256479526994121798111336829606443643569946289
0.1595587210592175619883192894121748395264148712158203125
0.0108699574853818453634701768351078499108552932739257812
0.0002952286747893387991448221896462200675159692764282227
-0.3450062909417752066154605472547700628638267517089843750
0.0031606302922336775712564005402782640885561704635620117
0.0036545378841006219416964739821196417324244976043701172
-0.0059337699094009800637739004969262168742716312408447266
0.0053509999237469699218117114014603430405259132385253906
-0.0720000804844271036220249015968875028192996978759765625
0.0066511371936694395345934793795095174573361873626708984
0.0179695694817268575294022525667969603091478347778320312
0.0196724912676989951987316374015790643170475959777832031
-0.0127110650373747531560741919065549154765903949737548828
-0.5210196856715222368805484620679635554552078247070312500
0.0074293578513523785000760568664190941490232944488525391
-0.0954879905443598298031560034360154531896114349365234375
-0.0187611839045940392844968869212607387453317642211914062
0.0138643515503311821196463782257524144370108842849731445
0.2548493954592948584902956099540460854768753051757812500
0.0220563212626954871509177280586300184950232505798339844
0.2517982856867945207213210778718348592519760131835937500
0.0092180187973159716241511318912671413272619247436523438
0.0030635932077078390813051900209984523826278746128082275
0.0964444895286515613275213354427251033484935760498046875
0.0021513574157032908096276457854401087388396263122558594
-0.0525674683119927085850342507455934537574648857116699219
-0.0080757578176176500472926989004918141290545463562011719
0.0041678835196443785732212106154292996507138013839721680
-0.4260928880228476711700125179049791768193244934082031250
0.0092422287183214490990934564251801930367946624755859375
0.0751638229362172061165381364844506606459617614746093750
0.0041227962531543982382942203912534750998020172119140625
-0.0004411763807131464931732267586994566954672336578369141
-0.2273136439821719090303986376966349780559539794921875000
0.0054680160126765213132737919465853337896987795829772949
-0.0282604498005540882843433792004361748695373535156250000
-0.0048992686755258522957046096735211904160678386688232422
0.0088851943395983849077746086209117493126541376113891602
0.6197976977252943608931445851339958608150482177734375000
0.0069592162320239077388794868284094263799488544464111328
0.0038839953994172123075134805958441575057804584503173828
0.0125786903417323334131161516324937110766768455505371094
0.0030846893479641399743451657400328258518129587173461914
-0.3056649288959096266715675938030472025275230407714843750
0.0092603978459599931016832385921588866040110588073730469
-0.0869373558867595208621281699379323981702327728271484375
-0.0150234159763741048632113006533472798764705657958984375
0.0161222824002865972037312758402549661695957183837890625
-0.0154233866931481646000978713573204004205763339996337891
0.0190193098773510996246649540353246266022324562072753906
0.2283661712285784961551371452515013515949249267578125000
0.0144784070223684530054342189941962715238332748413085938
-0.0308324380105867573709232942746893968433141708374023438
-0.3319133407543221059299298758560325950384140014648437500
0.0033080128666253200489522079408288846025243401527404785
-0.0679867846866738512190408982860390096902847290039062500
-0.0127093765956273058170822309875802602618932723999023438
0.0068797939179815453120125923192063055466860532760620117
0.5721882495920656008792093416559509932994842529296875000
0.0143950651657344629030799154634223668836057186126708984
0.1682019653072447384900556244247127324342727661132812500
0.0053062024953911771790737716969488246832042932510375977
0.0063817259487352470323506814509073592489585280418395996
-0.4870340753252011545271216164110228419303894042968750000
0.0062716560533642301544787756029109004884958267211914062
-0.0152444944604825868839093061524181393906474113464355469
-0.0047346178800204011608010468137308635050430893898010254
0.0099482153552119846617873832883560680784285068511962891
-0.1665658528357501222405545604487997479736804962158203125
0.0069043171485579091228856896123033948242664337158203125
-0.0249460597886411311607801621903490740805864334106445312
-0.0006573529515745335158327655733501160284504294395446777
-0.0141617666306779153850836650008204742334783077239990234
-0.1494260417496504067536022830608999356627464294433593750
0.0041549670530645283275661405752998689422383904457092285
-0.0574207308812502981165692972354008816182613372802734375
-0.0033143220513732925269767548570598592050373554229736328
0.0071409573196362097213807373918825760483741760253906250
0.6572545435382334266805059996841009706258773803710937500
0.0054363048964577512234264133894612314179539680480957031
0.1028938794909644710573459747138258535414934158325195312
0.0080489255518852720339140205396688543260097503662109375
-0.0062081765969265768900786639505895436741411685943603516
0.0287735388464088678861507730744051514193415641784667969
0.0013879366967952198180791256731936300639063119888305664
-0.0220583039450218884591770063252624822780489921569824219
-0.0054063022502587737561086100868124049156904220581054688
0.0027633896252012421154709009840644284849986433982849121
-0.4861368783869611243098063368961447849869728088378906250
0.0059552321513213664350150366999514517374336719512939453
0.0653681359100203862588784886611392721533775329589843750
0.0209590833675853127626709238029434345662593841552734375
-0.0031887934972079944907774606832617791951633989810943604
0.4631730499422532232323135303886374458670616149902343750
0.0045001734243581611311091350557944679167121648788452148
-0.0341534218275568388079044268579309573397040367126464844
-0.0153022876513974788459382381233808700926601886749267578
0.0083302098619794789913228783007070887833833694458007812
0.2841459878226153534797049360349774360656738281250000000
0.0167877085174406269485469778146580210886895656585693359
0.0499154508112373274109074827720178291201591491699218750
0.0217763681615241802558280426183046074584126472473144531
-0.0186082501263881636144326137127791298553347587585449219
0.1489533671585693275218886810762342065572738647460937500
0.0000477071283953335589789190862575196661055088043212891
-0.0189897703918308034809481199545189156197011470794677734
-0.0137369286539451920803323048403399297967553138732910156
0.0014981660912429658680244948243398539489135146141052246
0.1283895025601961281669360914747812785208225250244140625
0.0135968661860322460183114756659961130935698747634887695
0.1171757210907797136512087377013813238590955734252929688
-0.0013693095435756419409045747670461423695087432861328125
-0.0109010212389343344452363737673294963315129280090332031
-0.1251387685751059741789958934532478451728820800781250000
0.0040313364834295368002714532451591367134824395179748535
-0.0500500102100911448133047088049352169036865234375000000
-0.0035002751200730788244674940301592869218438863754272461
0.0069862933015997852673195644968018314102664589881896973
-0.3282911830542851183700747697002952918410301208496093750
0.0055757764934848902740882614637030201265588402748107910
0.1259714382771516261172450867888983339071273803710937500
0.0177855209817346197886944736410441691987216472625732422
-0.0136411361826842686406635607454518321901559829711914062
0.0422103104510893958889461430317169288173317909240722656
0.0054290893382495505545271008429608627920970320701599121
-0.0431590834604487008641093837013613665476441383361816406
-0.0141567450461109155257499736535464762710034847259521484
0.0098440293813054045857224849669364630244672298431396484
0.4415794778321600055903672910062596201896667480468750000
0.0161787314681009035399750217720793443731963634490966797
0.0545083075547638865043786893238575430586934089660644531
0.0093180751192411849503915988179869600571691989898681641
-0.0100078462627674370788444235813585692085325717926025391
-0.1670992799410987161845554282990633510053157806396484375
0.0076272146939270566573521037412319856230169534683227539
-0.0593018294569743198429989661235595121979713439941406250
-0.0109834687505381573685570018028556660283356904983520508
0.0133284103029248125749095521541676134802401065826416016
-0.1540382071040135303352514029029407538473606109619140625
0.0142201697578782856878909512943209847435355186462402344
0.2071952556662484123961576187866739928722381591796875000
0.0080761865764647951249077806323839467950165271759033203
0.0042438898577737138584353715486940927803516387939453125
-0.4766965674023533883207903727452503517270088195800781250
0.0049442039262620508799361829233021126128733158111572266
-0.0373285723312244410720950327231548726558685302734375000
-0.0070554981020694556431704924648329324554651975631713867
0.0081115740233975008183220367641297343652695417404174805
0.1017721428731803018363777368904266040772199630737304688
0.0088937905776448646089082927801428013481199741363525391
-0.0456746004338554265067351423112995689734816551208496094
-0.0090611334491069919078176653215450642164796590805053711
-0.0249236737658142526452564879946294240653514862060546875
0.4115330805335877806250266530696535483002662658691406250
0.0054118096035313811853484367020428180694580078125000000
-0.0547377992124919096617041702756978338584303855895996094
0.0002067850428117913499231894647323315439280122518539429
0.0089642858047868298476679171926662093028426170349121094
0.1550368117160437764212588263035286217927932739257812500
0.0025760349854148899273464934367439127527177333831787109
0.1266127251632849504137112717216950841248035430908203125
-0.0007833120889864713873307344726981682470068335533142090
-0.0082603784302230989777804381901660235598683357238769531
0.1507672487919032300318633588176453486084938049316406250
0.0038540488600503309754574665646487119374796748161315918
-0.0401499829693024376520149587577179772779345512390136719
-0.0027545921972108649775079491917040286352857947349548340
0.0064558137469243109460292906476297503104433417320251465
0.4133420847470663517242428497411310672760009765625000000
0.0045937004140054454176533837994611531030386686325073242
0.0626075013636081534329491660173516720533370971679687500
0.0102996397903155414987885762911901110783219337463378906
0.0367179019305468451461749168629467021673917770385742188
-0.2536842841491905309325716189050581306219100952148437500
0.0062712266296693075506851755562820471823215484619140625
-0.0473282991867844810007781575222907122224569320678710938
-0.0100376642098859228391383169309847289696335792541503906
0.0104390341970578316710405175626874552108347415924072266
0.4109442895110078652898266682313987985253334045410156250
0.0124206832566876278212131268219309276901185512542724609
0.1020703594655247570255340860967407934367656707763671875
-0.6087224750727165956121211820573080331087112426757812500
-0.6175278777852570843975854586460627615451812744140625000
0.5228370308414557188214644156687427312135696411132812500
0.5430021429552367440152238486916758120059967041015625000
-0.8615378016532131422167140044621191918849945068359375000
-3.3192633619147557944017989939311519265174865722656250000
1.0336619614112803056116263178410008549690246582031250000
-0.5446809617872163666874030241160653531551361083984375000
-0.7683721606824002181568289415736217051744461059570312500
0.0872544376992430842365777721170161385089159011840820312
-0.3207228190987628235752993077767314389348030090332031250
-0.3697359111595042713283021384995663538575172424316406250
0.4696292887958419814964372562826611101627349853515625000
0.4785749742589585631336035476124379783868789672851562500
-0.2402934103764914341994085589249152690172195434570312500
0.4440661066754504893161481504648691043257713317871093750
0.6390768362930157042711698522907681763172149658203125000
0.2521019840454231664139683743997011333703994750976562500
0.0594331523873543876579361722178873606026172637939453125
0.4044285245023048203094617747410666197538375854492187500
0.5396713780494108991803159369737841188907623291015625000
-0.8959696353233391752368675042816903442144393920898437500
0.3072185273638823876929393463797168806195259094238281250
0.0018171866051872442165970866767565894406288862228393555
-0.1116001634049382656987958739591704215854406356811523438
0.5776309387795137695320590864866971969604492187500000000
-0.0612100597111911240433279601802496472373604774475097656
-0.1236148595297296703954259555757744237780570983886718750
-0.4403115313254182816571358216606313362717628479003906250
-0.0737399750239158824349772203277098014950752258300781250
0.5499760929730914682522779912687838077545166015625000000
-0.7248889955104844684541376409470103681087493896484375000
-0.1489573374918665427113495525190955959260463714599609375
0.0265813409531385561046512577831890666857361793518066406
-0.4313020962075860276208061350189382210373878479003906250
0.3788426456998277846999201301514403894543647766113281250
0.0407254341848029763339944508970802417024970054626464844
0.0055965515679526007045141433593471447238698601722717285
-0.3735107074445338515289449787815101444721221923828125000
-0.2484174703570236619754041385021992027759552001953125000
0.3366529457958952198382007736654486507177352905273437500
-0.1735569575468693392927832519490038976073265075683593750
0.2819686928102130285545001697755651548504829406738281250
-0.2725543381049312374742044084996450692415237426757812500
-0.3415260973671894739744914204493397846817970275878906250
-0.0661495386960143094690067755436757579445838928222656250
-0.4129634301826337061669391914620064198970794677734375000
0.2660457973682112120528131526953075081110000610351562500
-0.0868185505630366533003083873154537286609411239624023438
0.1528936838700975520133340523898368701338768005371093750
0.1295816055017849355301962077646749094128608703613281250
-0.7045243240024195996440425915352534502744674682617187500
-0.2601866496484103175035329513775650411844253540039062500
0.2455808019730892910459374434140045195817947387695312500
0.0253986501011142958017519077884571743197739124298095703
0.5927179829574990010954138597298879176378250122070312500
0.3170394359538826201116989977890625596046447753906250000
0.1134973323057657662582542457130330149084329605102539062
-0.5035491923282731097089026661706157028675079345703125000
0.2696875518613708888615576597658218815922737121582031250
0.5221390739711257999999816092895343899726867675781250000
-0.7785418284030737323675452898896764963865280151367187500
-0.3464955372340922101770388508157338947057723999023437500
-0.3261858849591386944055670937814284116029739379882812500
-0.0339872440850834400816182778726215474307537078857421875
0.0228609427113588281610390140485833398997783660888671875
-0.4253579054116229385407166319055249914526939392089843750
0.0490658612527108684009391481595230288803577423095703125
-0.2344079842077458897264818915573414415121078491210937500
-0.3016688560816382369544896846491610631346702575683593750
-0.2208520245848173690905724697586265392601490020751953125
0.2575142737159565320403942223492776975035667419433593750
-0.3159279342873683171788457002548966556787490844726562500
-0.0841589334456648574533943474307307042181491851806640625
0.4364762600223492383655354842630913481116294860839843750
0.0581015511785766131103159182202944066375494003295898438
-0.1575577153916412898038146295220940373837947845458984375
0.2478037790971784060101157365352264605462551116943359375
-0.0741178282643942254459545893041649833321571350097656250
0.3628347745558749837258005754847545176744461059570312500
-0.2917700634480169807893901179340900853276252746582031250
0.0773549920535052532022390892052499111741781234741210938
0.5564770031001211592069921607617288827896118164062500000
0.0891147355111576860986488668459060136228799819946289062
-0.0778377731098864600323139484316925518214702606201171875
0.3111631142204258626549062682897783815860748291015625000
0.1176650262433392435390544505935395136475563049316406250
-0.1322983816401178402966110070337890647351741790771484375
-0.2709738064364888288082511280663311481475830078125000000
0.3365221459279635340955394440243253484368324279785156250
-0.0670612066422738850590690162789542227983474731445312500
-0.0855704887210846781853135212259076070040464401245117188
0.5457273679788422482417331593751441687345504760742187500
0.0607146797218590522637882145318144466727972030639648438
0.3181364513546695027557120738492812961339950561523437500
0.2089800006808419374770835474919294938445091247558593750
0.0549984411575326348486925098768551833927631378173828125
0.3109469745582497113289832668669987469911575317382812500
-0.2152442793658307373938498585630441084504127502441406250
0.3774473107853912878795199503656476736068725585937500000
-0.0382881073755420298088125719004892744123935699462890625
-0.1592963885958501579764856614929158240556716918945312500
-0.3977609745190265333469881170458393171429634094238281250
-0.1159801564960082076449765509096323512494564056396484375
0.4284402708710601803687723077018745243549346923828125000
-0.2231687018578839554194814809306990355253219604492187500
-0.1337889929150116730127706432540435343980789184570312500
-0.2057973879270229566884609084809198975563049316406250000
0.2260389271551400125481734448840143159031867980957031250
0.4963460461063690654093250032019568607211112976074218750
0.1094641325821075206192745099542662501335144042968750000
-0.3888214914931240051565453086368506774306297302246093750
0.2783014010378050406835370722546940669417381286621093750
-0.0240194673525090593435571406644157832488417625427246094
0.0223935251204742322150842426253802841529250144958496094
0.0292688584638635396206751693171099759638309478759765625
-0.0315361024995799155146158909701625816524028778076171875
0.5704591577159533466456764472241047769784927368164062500
-0.0769716509882409777310030563057807739824056625366210938
0.1228569545586684907956254164673737250268459320068359375
-0.3571038918147963481253270856541348621249198913574218750
0.1032667334067448733359029233724868390709161758422851562
-0.3102546055009436365423880488378927111625671386718750000
0.1760339236873261770099929890420753508806228637695312500
0.5388300537589174599162333834101445972919464111328125000
0.0634706981862732111387970235227840021252632141113281250
0.2699402961040586190755163897847523912787437438964843750
-0.3321719413599943382386925350147066637873649597167968750
0.0176136737979692495348338354688166873529553413391113281
0.5525158592299584947582502536533866077661514282226562500
-0.0647992257694769979714521923597203567624092102050781250
-0.1089465199389247074268638471039594151079654693603515625
-0.4078736224536428922604613944713491946458816528320312500
-0.0336597806816916478300782955557224340736865997314453125
0.0187166425119814558430952899925614474341273307800292969
-0.1285731103336846259388437374582281336188316345214843750
-0.0460900660311047427608599491577479057013988494873046875
-0.2348171852967775030673891478727455250918865203857421875
0.1407795012923009347893810172536177560687065124511718750
-0.2647627224030224546424960863078013062477111816406250000
0.2407577169386427018427099255859502591192722320556640625
0.0945070489527182200362176445196382701396942138671875000
-0.1446083610613754788509766058268724009394645690917968750
0.0006206507629544430471035809659952064976096153259277344
0.4522713524706706289535418363811913877725601196289062500
-0.0232420982978336979063449518889683531597256660461425781
0.0009113817889920064474473804239096352830529212951660156
-0.0631405804644074170051126770886185113340616226196289062
0.0287355185701075044324426244202186353504657745361328125
0.3799748200156815580719182889879448339343070983886718750
-0.3819074815173267856138750175887253135442733764648437500
0.2111767826421853955221052956403582356870174407958984375
-0.0825128472877008911634533205869956873357295989990234375
-0.0147526641512358280827754697384079918265342712402343750
-0.3105804875291403588377647793095093220472335815429687500
0.1534455172666455147201247655175393447279930114746093750
-0.0007015686462407601936552836718874459620565176010131836
0.6103890537532227211769964014820288866758346557617187500
-0.1875777145733957818052317634283099323511123657226562500
0.5671683934560635131916228601767215877771377563476562500
0.3167630914675216291520598588249413296580314636230468750
0.2904776235747164592204683231102535501122474670410156250
-0.4926705654763737229906439551996299996972084045410156250
0.0833856333689614592774574930444941855967044830322265625
-0.0267502947736569587910970824395917588844895362854003906
-0.2880747990888505860596069396706297993659973144531250000
0.1229115106443065819075144418093259446322917938232421875
0.0649742736932571868235797296620148699730634689331054688
0.3359672135295999062520877487258985638618469238281250000
0.0234763004650155662766941588870395207777619361877441406
0.2359511491610682409891808219981612637639045715332031250
-0.0440006186336103430334354413844266673550009727478027344
0.4174948053121316227098702711373334750533103942871093750
-0.3107204960225776746440828901540953665971755981445312500
-0.1187883727262947081149135897248925175517797470092773438
-0.0191371350675539689256687836405035341158509254455566406
-0.4624184018973963028464879698731238022446632385253906250
0.2821043604637993862382927545695565640926361083984375000
-0.1265072725925063812368875915126409381628036499023437500
-0.2847767625154731807590735570556716993451118469238281250
0.0127146644377920964991135477362149686086922883987426758
0.5964873557967315109706873954564798623323440551757812500
0.2763023702916989066125097451731562614440917968750000000
0.1268080166686577636703248117555631324648857116699218750
0.3587840547388043699328363800304941833019256591796875000
0.2442367244466285836068664139020256698131561279296875000
0.1604202563783881929637686880596447736024856567382812500
0.5799479859352882904488524218322709202766418457031250000
-0.2329295810498545060696073960571084171533584594726562500
-0.0143132007216522499915001276349357794970273971557617188
-0.3137384286064351379685888332460308447480201721191406250
-0.2486195257005446579423590947044431231915950775146484375
0.3542644007253300530990713923529256135225296020507812500
0.0440963547424634769167361980635178042575716972351074219
0.0051939339221878152302869224854475760366767644882202148
0.0179474882001494362437910012886277399957180023193359375
0.0775651127327915135278857405864982865750789642333984375
0.6535811287899295773939911669003777205944061279296875000
0.0422105041909569961289250272784556727856397628784179688
0.2168017961637234702898524574266048148274421691894531250
-0.3610615288877106476839173865300836041569709777832031250
-0.0283161771423655408974617841977305943146347999572753906
-0.1168788450119073174526818092999747022986412048339843750
0.2358077458917036128838162767351604998111724853515625000
0.1600152098879743522985563686233945190906524658203125000
-0.1063010939565168649911797160712012555450201034545898438
0.3699599063551682331940639869571896269917488098144531250
0.6566999948719327573343207404832355678081512451171875000
0.2377750934513705449724341178807662799954414367675781250
0.0182561386835950849316656530163527349941432476043701172
0.2528451596102962994905283267144113779067993164062500000
-0.2833414728308364938236252328351838514208793640136718750
-0.4665254166322113094089729656843701377511024475097656250
-0.2608608644406300580698143676272593438625335693359375000
0.3651654043941284788488133017381187528371810913085937500
0.1352987412715816184505257524506305344402790069580078125
-0.4174437772521612521892109270993387326598167419433593750
0.6160436255074152045452251513779629021883010864257812500
-0.2745692968066196226750719233677955344319343566894531250
-0.4851877069620366134117261935898568481206893920898437500
-0.1549828662960037739537710876902565360069274902343750000
-0.2618915991365073914209915528772398829460144042968750000
-0.0015349476419441541313881671726448985282331705093383789
0.0148615655893461588721304877935835975222289562225341797
0.3399803133796517329301423160359263420104980468750000000
0.1965881638405429232552279472656664438545703887939453125
0.0399811804949122828745089464064221829175949096679687500
0.2039688428965893141064924520833301357924938201904296875
-0.2367199971873792663235036570767988450825214385986328125
0.4850848641968959484849222008051583543419837951660156250
-0.0657511974566430262845173615460225846618413925170898438
-0.3705494915164684321950971934711560606956481933593750000
0.1615415245204345207064022815757198259234428405761718750
0.1483214681075977203761340206256136298179626464843750000
-0.1503344215160008767728783141137682832777500152587890625
0.1207936822522671371782365667968406341969966888427734375
0.1797235228781653704199783305739401839673519134521484375
0.4802515129335445109859392687212675809860229492187500000
-0.0178604550316683770294634570063863066025078296661376953
0.1346551998167065666844877114272094331681728363037109375
-0.1478142398961016512615174178790766745805740356445312500
-0.5026458682953551804217795506701804697513580322265625000
-0.4643030808129625097713244485930772498250007629394531250
-0.1956079367162689708337097727053333073854446411132812500
-0.3664240638794887261475707873614737764000892639160156250
0.0268313047359435563610219332986162044107913970947265625
-0.2871398261974534293905492177145788446068763732910156250
0.3170219068512962756756223825505003333091735839843750000
-0.0946690648031880133128623810989665798842906951904296875
0.3417760729602764557810701262496877461671829223632812500
-0.2456514627757524493745222571305930614471435546875000000
0.2479555393622140391229891065449919551610946655273437500
-0.5108122164447114199603561246476601809263229370117187500
-0.0915394782206589707751476225894293747842311859130859375
0.0959214670080534015372819567346596159040927886962890625
-0.1451530042387530472502987777261296287178993225097656250
-0.1130173067305426659601153005496598780155181884765625000
0.0878272689192510364053489979596633929759263992309570312
0.1448670338785064959363779735213029198348522186279296875
0.3815137802129104915849211465683765709400177001953125000
-0.5429780860988469015637747361324727535247802734375000000
-0.6730775065384637656507038627751171588897705078125000000
-0.1606736059880505551600293756564497016370296478271484375
0.0872424639385516176304236068972386419773101806640625000
-0.3061322673205569278032101010467158630490303039550781250
0.3844683891333383618515995294728782027959823608398437500
0.1101154809730733041828187879218603484332561492919921875
0.3987390080315753038142645436892053112387657165527343750
-0.3540699075493503045208854018710553646087646484375000000
0.3382575841930300919457863528805319219827651977539062500
-0.2437266545498516234768970889490447007119655609130859375
0.0364805719848499965252131005399860441684722900390625000
-0.3397618829343233559647785568813560530543327331542968750
-0.0092431887625436179312110596129059558734297752380371094
0.0451040329752451160660875473240594146773219108581542969
0.1815462239344496353510294284205883741378784179687500000
-0.0311396773980103028223176409028383204713463783264160156
0.0565442060035407922935490887539344839751720428466796875
-0.1740788509455022947669533550651976838707923889160156250
-0.0763112586468359527236415829065663274377584457397460938
0.1968492678400821371820228478100034408271312713623046875
-0.2614719326845432179062811428593704476952552795410156250
0.0273885663309061354320217418489846750162541866302490234
-0.0751543750232815388478968543495284393429756164550781250
0.4405541585916802338473985400923993438482284545898437500
0.1701790072648015350598171835372340865433216094970703125
-0.1536203882652001362352223168272757902741432189941406250
0.3568050553439137684286208695993991568684577941894531250
-0.2126910896618401103363993343009497039020061492919921875
-0.4803601852227133428563377037789905443787574768066406250
0.1168053643467198143834906431948184035718441009521484375
0.0764853163004421965354140411363914608955383300781250000
0.4031392913826197799131989540910581126809120178222656250
-0.1398535024558035799735478121874621137976646423339843750
0.3158915956079147435708875946147600188851356506347656250
0.0713030933184473636465838808362605050206184387207031250
-0.2120577773644986563361669595906278118491172790527343750
0.0410944706059246309126642415776586858555674552917480469
-0.1795734481364842372030921069381292909383773803710937500
-0.0956960776910061317046540807496057823300361633300781250
-1.4146402405898115262061764951795339584350585937500000000
-1.6697011436846396215116783423582091927528381347656250000
0.1824928380922214432580119591875700280070304870605468750
1.1345799030101380022728108087903819978237152099609375000
-0.8492035044613610583752461025142110884189605712890625000
0.2986629759745548229332712253381032496690750122070312500
-2.0887971132859970424533457844518125057220458984375000000
-0.2469519470256470727864694936215528286993503570556640625
2.9906227198182113724556074885185807943344116210937500000
0.2272917129595530827401717033353634178638458251953125000
-0.4852853072917894250437598202552180737257003784179687500
-0.8609418172153621151565516811388079077005386352539062500
0.5079378234026106220255769585492089390754699707031250000
0.0672120175177113726716626729285053443163633346557617188
-0.9421387087409978100538410217268392443656921386718750000
-0.2578595096929893193404836893023457378149032592773437500
0.2715577474083776809976598087814636528491973876953125000
-0.4050742186756749463327764715359080582857131958007812500
0.0159066206105442503604407988859748002141714096069335938
0.5410091006842742133997603559691924601793289184570312500
0.3415262733843051901061471653520129621028900146484375000
-0.7670777496261700356683377322042360901832580566406250000
0.2220687760824353040867151776183163747191429138183593750
0.0956921854865282889290867274212359916418790817260742188
-0.5883808966324702849348682320851366966962814331054687500
0.0272919896382211937813089264182053739205002784729003906
0.2846689396139711614175382692337734624743461608886718750
0.2769544650535003538216471952182473614811897277832031250
-0.1513451067489944845689819885592442005872726440429687500
-0.2478531239048604173369483305577887222170829772949218750
0.2794003346774360796445080268313176929950714111328125000
-0.7352730982948895155359991804289165884256362915039062500
-0.0322208752426793657019921113260352285578846931457519531
-0.0218103440366617593038078837253124220296740531921386719
0.0291130886774395233884682454572612186893820762634277344
0.2529277624178419281442131705261999741196632385253906250
0.0179720202961040527445124581618074444122612476348876953
-0.3381781241127210790864410228095948696136474609375000000
-0.2875257355016155313975900753575842827558517456054687500
0.4629246973890936422968422903068130835890769958496093750
0.6869014200070993059199508934398181736469268798828125000
-0.8153891800302444092807263587019406259059906005859375000
0.4539406975271321198484031356201739981770515441894531250
0.0454569306987079591042544279844150878489017486572265625
-0.7049555555062106959596235356002580374479293823242187500
0.3974632379035690776802880463947076350450515747070312500
0.1045040055052810779034899724138085730373859405517578125
0.0443200072905290329283722883246809942647814750671386719
-0.3617638145045623532247702769382158294320106506347656250
0.7754974658491887717914892164117190986871719360351562500
0.5514177281797970620047522061213385313749313354492187500
-0.4725472467320914748967197738238610327243804931640625000
0.6641472688268105217801462458737660199403762817382812500
-0.0389661905872961955576982973070698790252208709716796875
-0.0269422560631506768924481320937047712504863739013671875
0.1485013909245669894154673329467186704277992248535156250
-0.0424877175399843154401935407804558053612709045410156250
-0.0138758701486403120822776813270138518419116735458374023
-0.2455378151836508093808220110076945275068283081054687500
0.2067141474028321157518917061679530888795852661132812500
0.2455405876142810472906319319008616730570793151855468750
-0.6784879690585088329868312939652241766452789306640625000
0.4335281006679389537161739553994266316294670104980468750
0.1106097526060281777127158875373424962162971496582031250
-0.2934567132827451962917564287636196240782737731933593750
-0.0802252032843160656216952020258759148418903350830078125
0.1055518523106779293918577877775533124804496765136718750
-0.0343487856688371798186132366481615463271737098693847656
0.1825706261781671335686638713013962842524051666259765625
0.5555107534029631866090426228765863925218582153320312500
0.2225478673282776098663049424430937506258487701416015625
-0.1870086307570587580428878027305472642183303833007812500
0.0084353822805968859538383597396205004770308732986450195
0.1272731167712562450056168472656281664967536926269531250
-0.2640569875524432230662341680726967751979827880859375000
0.0370718324850716901552871718195092398673295974731445312
0.2124026388232160555968874859900097362697124481201171875
0.3481333455152806344301552599063143134117126464843750000
-0.0135125530736959903466143373407248873263597488403320312
0.7896841394631268773451893139281310141086578369140625000
0.1507173239213734083907780814115540124475955963134765625
-0.5920532793958143136237026737944688647985458374023437500
0.4821692801332277955594918239512480795383453369140625000
-0.1479430113562312243402629974298179149627685546875000000
0.1926941767383431314275554768755682744085788726806640625
-0.2374565292974085695121289063536096364259719848632812500
-0.2009739116874977027382698224755586124956607818603515625
-0.0303753719583320300201556563024496426805853843688964844
0.1813454218879637369621349307635682635009288787841796875
0.0987311958384767957008776306793151888996362686157226562
-0.0864429151153689317998995989000832196325063705444335938
-0.5866774443885551804100941808428615331649780273437500000
0.0730725432195320490080803210730664432048797607421875000
-0.0269780020816651304460531690665447968058288097381591797
0.2766744467189806155893450068106176331639289855957031250
-0.0007990915735286152621341670965193770825862884521484375
-0.0216359994259630872281974234283552505075931549072265625
0.3786263523814258347144345862034242600202560424804687500
0.0091152773999558650563912465258908923715353012084960938
0.4488390755080853833369758376647951081395149230957031250
0.2030224490142077398147080202761571854352951049804687500
-0.1119598632609948296590118843596428632736206054687500000
0.5910202917141043066351357992971315979957580566406250000
0.1174686185237299868022731175187800545245409011840820312
0.4399930753939229610693928407272323966026306152343750000
-0.0936079411537584504809927921087364666163921356201171875
0.1855556037214082243380630643514450639486312866210937500
0.3371997257487436838729877308651339262723922729492187500
0.1039329295377043327341937128949211910367012023925781250
0.0789232419131629947539607883300050161778926849365234375
0.3154970386401410031851355597609654068946838378906250000
0.0552939469764599372814117828056623693555593490600585938
0.2645999849194973774224592943937750533223152160644531250
-0.0197501429538033054789103459825128084048628807067871094
0.4223463459260496377645210941409459337592124938964843750
-0.0629025119971046292599581306603795383125543594360351562
-0.0423280126450340590804621854204015107825398445129394531
-0.1245652314677275218635088549490319564938545227050781250
0.0723216233276381265104859608072729315608739852905273438
0.4323494493542179850642526162118883803486824035644531250
0.2239440199332636272089303020038641989231109619140625000
-0.5218709133334462624276284259394742548465728759765625000
0.6098391089404102682891561926226131618022918701171875000
-0.1795811919905464237867676047244458459317684173583984375
0.5526310185137189856519057684636209160089492797851562500
0.0398681128212884858252884612284105969592928886413574219
-0.2783440586892393375784138243034249171614646911621093750
-0.3540972436969554992813868921075481921434402465820312500
-0.1234305748737843100304445442816358990967273712158203125
0.1215806914217046896808938072354067116975784301757812500
0.4499188354621108110187321926787262782454490661621093750
-0.0508621963507227964340629000616900157183408737182617188
-0.0640558302986320160510302912371116690337657928466796875
-0.1740904951173838366429436064208857715129852294921875000
0.4407440971052783984518441684485878795385360717773437500
-0.0247634533956525570985718331940006464719772338867187500
-0.2501286884556631062714870950003387406468391418457031250
0.5763527125006423501574204237840604037046432495117187500
-0.0693664472298568673958030217363557312637567520141601562
0.3976637904974572590433012919675093144178390502929687500
-0.2252977601148212771775547480501700192689895629882812500
0.0502831873660617711951914543533348478376865386962890625
-0.0687267954841449396630181922773772384971380233764648438
0.0313560470900997589893677286454476416110992431640625000
0.1075232951680773901825816096788912545889616012573242188
-0.0750711938753293728243676241618231870234012603759765625
0.0623246781896892657059972009392367908731102943420410156
0.4816967509585231566049401408236008137464523315429687500
0.0823609537356933679719261931495566386729478836059570312
-0.0604448215371546290763937747669842792674899101257324219
0.1931750010671827721964177726476918905973434448242187500
-0.4383992921599287884149021010671276599168777465820312500
0.2077011043591491801230120017862645909190177917480468750
0.0939301555165618085041501217347104102373123168945312500
-0.3206790964034509361368918689549900591373443603515625000
-0.0438403971090363178686466483213735045865178108215332031
0.1140491435811630260843685391591861844062805175781250000
-0.2803038002897737523966270600794814527034759521484375000
0.1143423387641883948173671115000615827739238739013671875
0.2348896571041663994261483594527817331254482269287109375
0.1160009961380934484509452886413782835006713867187500000
-0.0903805681425431661768499225217965431511402130126953125
0.1621712064458160351687610045701148919761180877685546875
0.0077235896200234729902511787713592639192938804626464844
0.2805756853640176684550056052103172987699508666992187500
0.1048777421556420508252926993009168654680252075195312500
0.0191792012063576287894672844913657172583043575286865234
0.2484915707634841042228401875036070123314857482910156250
-0.1411713197972334077334721769148018211126327514648437500
0.1886942947418796256986439630054519511759281158447265625
-0.0494031146052167219329120939619315322488546371459960938
-0.0729056176347114837099638862127903848886489868164062500
-0.1643143024798996709723297726668533869087696075439453125
-0.1903270852218717501536104919068748131394386291503906250
-0.3658460871825819915592603592813247814774513244628906250
0.0207780513291604823633562659779272507876157760620117188
-0.2945320570140237959044782201090129092335700988769531250
-0.1814156964917242875756642206397373229265213012695312500
-0.0435797995672535659616997349985467735677957534790039062
0.0322678066890891152018738807782938238233327865600585938
-0.1011994098823599946834761453828832600265741348266601562
-0.0053536958465593385836367446017902693711221218109130859
-0.4282908298238873867624931790487607941031455993652343750
0.0953930737729710709338348806340945884585380554199218750
0.3381315609580731185168644969962770119309425354003906250
-0.1996456509085455521823604385645012371242046356201171875
0.1684505923057008358600938890958786942064762115478515625
0.1047101161093176163729978611627302598208189010620117188
0.2561465337206462189456601663550827652215957641601562500
-0.1199086483339713848916829874724498949944972991943359375
0.4454409567838519823368415018194355070590972900390625000
-0.4884275591673102878687018346681725233793258666992187500
-0.2345758505525585846385183685924857854843139648437500000
-0.1225662398274883629900600112705433275550603866577148438
0.4298781679877559658287111687968717887997627258300781250
-0.0551241408238263980168269995374430436640977859497070312
-0.1882470823935133708015854381301323883235454559326171875
0.1393492211670553093671998112768051214516162872314453125
-0.0366571639784127878414210499613545835018157958984375000
0.0419654752765233340916495308192679658532142639160156250
0.0081506363516821583869997880356095265597105026245117188
-0.2871222646864357019858005060086725279688835144042968750
-0.0384406509886836694755984922267089132219552993774414062
0.0367601350129147866341305928017391124740242958068847656
0.2145685559143765130940550989180337637662887573242187500
0.0710153051708491689364421972641139291226863861083984375
0.0602503078431125896341491454677452566102147102355957031
0.1109864071343562158533657679981843102723360061645507812
-0.0870952646775999678174784435213950928300619125366210938
-0.2616372196606512323668880526383873075246810913085937500
-0.0743894912379199774177251924811571370810270309448242188
-0.3879915483851130164616449746972648426890373229980468750
0.1266132483122997531843623164604650810360908508300781250
-0.1442667789317058635312207570677855983376502990722656250
0.5036065254184544093263298236706759780645370483398437500
0.0988879171712306326291752611723495647311210632324218750
-0.2280446097932237181638015499629545956850051879882812500
0.4537353998238455310421102240070467814803123474121093750
-0.1255137134089799877401105732133146375417709350585937500
-0.1510052499749923449190447399814729578793048858642578125
0.2266293611083568526609610671584960073232650756835937500
-0.2671798592241553804704778940504183992743492126464843750
0.4586833979471023337026736044208519160747528076171875000
-0.0366830493223007786385281292496074456721544265747070312
0.1586747924758883654394736595349968411028385162353515625
-0.2647125586105199546160804402461508288979530334472656250
-0.0590363166853607387873914547071763081476092338562011719
0.3009922935317453362991102494561346247792243957519531250
0.2958965081570424926482587579812388867139816284179687500
0.5217688615386611994395593683293554931879043579101562500
0.0432329645503387871574574319311068393290042877197265625
0.0829169979539873397422766743147803936153650283813476562
-0.2058777957909815325976410349539946764707565307617187500
-0.1422285678078000492607912974563078023493289947509765625
0.2668176109462081502243790964712388813495635986328125000
-0.1102205318957453078487773723281861748546361923217773438
-0.1679948173148009538113711869300459511578083038330078125
-0.0118830375346642702627519838642911054193973541259765625
0.0099889375054394088926379424719925737008452415466308594
-0.0767352301329717323419288277364103123545646667480468750
0.2192715269732512239908572837521205656230449676513671875
0.1530747763369807723510263031130307354032993316650390625
0.1953127282006371923106513577295118011534214019775390625
-0.0541818658697137481294880956284032436087727546691894531
-0.1452346950575021389262531101849162951111793518066406250
-0.0050158988405322735282254598132567480206489562988281250
-0.0957016944526785928726297925095423124730587005615234375
-0.3353311231460142094462639761331956833600997924804687500
-0.0066261596957630369830738459313579369336366653442382812
0.1970342834531901288208644018595805391669273376464843750
0.3322245025071184354459319365560077130794525146484375000
-0.3847179631840221825100911701156292110681533813476562500
0.1713178145625385839778687113721389323472976684570312500
0.3622403686716071380402581780799664556980133056640625000
0.3670171124988655386722768980689579620957374572753906250
0.0358335127626978749981745409058930817991495132446289062
0.5385355114827528044685323038720525801181793212890625000
0.4482670117068938142601552954147337004542350769042968750
0.0486016229264192023418189592121052555739879608154296875
-0.2436822971442525187502070593836833722889423370361328125
0.1648452669978189566446502567487186752259731292724609375
-0.3976320993023015337719527906301664188504219055175781250
0.2215050970674009300775963993146433494985103607177734375
-0.0732412319587562032907612774579320102930068969726562500
-0.3975193781949463156522028839390259236097335815429687500
-0.2008393194278911275674204262031707912683486938476562500
-0.0911133728971758594106233886122936382889747619628906250
-0.3867164602760924663193975447939010336995124816894531250
0.1973013405891251847990019996359478682279586791992187500
-0.4336063004175505497528320120181888341903686523437500000
0.3994169890509353670893233356764540076255798339843750000
-0.5726995439307720481281194224720820784568786621093750000
0.3605293646984892297346902978461002930998802185058593750
0.0738179578779450257242089605824730824679136276245117188
-0.0532315840429901168673332279013266088441014289855957031
-0.3004453510594329301852667413186281919479370117187500000
0.1440086704515903259782305667613400146365165710449218750
0.4351448530806587000618890215264400467276573181152343750
0.3136758876556191566464804054703563451766967773437500000
0.0040683322425769420649377394738621660508215427398681641
-0.1903735582134057913172853204741841182112693786621093750
-0.1193039304909303266466480408780626021325588226318359375
0.3866435140599833175656385719776153564453125000000000000
-0.0497378726015097888391025549026380758732557296752929688
0.2705580697790351263343211485334904864430427551269531250
-0.0998671456423483316910960638779215514659881591796875000
-0.0438755409890193570632277442200575023889541625976562500
-0.0420283307289487997882027059404208557680249214172363281
0.0939458760094816075492119011869363021105527877807617188
0.4118551226110674923219789889117237180471420288085937500
0.3412883041231018488304016500478610396385192871093750000
-0.5047846012722705388853228214429691433906555175781250000
-0.1188626673832142155440294573054416105151176452636718750
0.0004416140137627130868303027000365545973181724548339844
0.1108331499156011562545742776819679420441389083862304688
-0.2406895947400868873700119365821592509746551513671875000
0.0081494429183190109089451880208798684179782867431640625
0.0391599392011013971992561266688426258042454719543457031
0.2744899747233335851603897026507183909416198730468750000
0.5311996469912461105167267305660061538219451904296875000
-0.6345063626731771710964835619961377233266830444335937500
1.4477114483281849910412120152614079415798187255859375000
-1.0806083816235569905472857499262318015098571777343750000
-0.3072777323400219251503528994362568482756614685058593750
1.6298873077380047202922241922351531684398651123046875000
0.4097239412358849586226483552309218794107437133789062500
0.3577672613277317892332973769953241571784019470214843750
0.6377694925041366147411281417589634656906127929687500000
-0.3485570206104355306386821666819741949439048767089843750
-0.1443248835876999591754099583340575918555259704589843750
-0.0161642890013488221834236924223660025745630264282226562
0.8519742372237451011329767425195313990116119384765625000
-0.1609888882815396771164273559406865388154983520507812500
-0.2306288552511905898256827640580013394355773925781250000
0.7891313397663539674908861343283206224441528320312500000
-0.4256111413304813351210498240106971934437751770019531250
0.8842786090432663836935489598545245826244354248046875000
-0.2789458378805411697953786642756313085556030273437500000
-0.0708678856511039956256325922367977909743785858154296875
0.1539504291268931623903881700243800878524780273437500000
0.0053221557661408350897724872652361227665096521377563477
0.2310451305524697795945598954858724027872085571289062500
-0.0769249798249063004851322489230369683355093002319335938
-0.5190943432968009307870715929311700165271759033203125000
0.4295907354458650129203078904538415372371673583984375000
-0.0372648958241227554188945703117497032508254051208496094
0.3107166328173460168038388928835047408938407897949218750
-0.0511972332442800909246827245624444913119077682495117188
0.3860652200783857290744549572991672903299331665039062500
-0.3829971891123266081180531728023197501897811889648437500
-0.1670974253414931887107286456739529967308044433593750000
-0.3785344917743513892816054067225195467472076416015625000
-0.3830283915055613386257959973590914160013198852539062500
0.1413719922423354868890044144791318103671073913574218750
0.0833220682911605531328902429777372162789106369018554688
0.0821158987783039973074039608036400750279426574707031250
0.2447860416677206663038646183849778026342391967773437500
0.0035330260421446990637406315727275796234607696533203125
0.1589999801226592845981855361969792284071445465087890625
-0.0427912081793419690756152817812107969075441360473632812
-0.1284258187588862010208856645476771518588066101074218750
-0.7551737070641824089989313506521284580230712890625000000
-0.0110789224657966423048804927020682953298091888427734375
0.4416957782683895161746079338627168908715248107910156250
-0.0700962009946383968195249281052383594214916229248046875
0.7596613746888012386193622660357505083084106445312500000
-0.2542392698249019700185158399108331650495529174804687500
0.1270191775485182139604489748307969421148300170898437500
1.3442550037569083176691719927475787699222564697265625000
0.1341189430188985953762426106550265103578567504882812500
0.2353790112166989079156564912409521639347076416015625000
-0.2501332122715863581774442536698188632726669311523437500
-0.4096076047751183724088264170859474688768386840820312500
0.5400423090580190876863753146608360111713409423828125000
0.3351793172222307104490823803644161671400070190429687500
0.5864378489640925673498372816538903862237930297851562500
0.2278709861681382509157600679827737621963024139404296875
-0.0088276083408568191412957304464725893922150135040283203
-0.0883758996152141096391829933054395951330661773681640625
-0.2129581727814250369235082871455233544111251831054687500
-0.0991646893163925374770073517538548912853002548217773438
0.6096129284412695747974453297501895576715469360351562500
-0.9208602145967665908443677835748530924320220947265625000
-0.9150087982656639473688642283377703279256820678710937500
0.6851305932294848854979818497668020427227020263671875000
-0.8141611937732402548562049560132436454296112060546875000
0.9525946201585029360359158090432174503803253173828125000
-0.7082350476501813041352306754561141133308410644531250000
-0.2898222472132476745798612682847306132316589355468750000
-0.0984776196225165545428126279148273169994354248046875000
0.3328420944045468177208135784894693642854690551757812500
0.7041918740886584648919210849271621555089950561523437500
-0.1224709213146873143518433835197356529533863067626953125
0.1479373863248832354777562159142689779400825500488281250
0.3420057318669093571195105596416397020220756530761718750
-0.0893058440177398882298120952327735722064971923828125000
0.7491682611921398615706380041956435889005661010742187500
-0.0877534313756960643315707670808478724211454391479492188
-0.6084220238646215195288391441863495856523513793945312500
0.0214324225992100214632785082358168438076972961425781250
-0.1012391235263000038857583717799570877104997634887695312
-0.1217497771512240367641766169981565326452255249023437500
-0.5840322937058131103071900724899023771286010742187500000
-0.0938703042839803963870437542027502786368131637573242188
0.1297073679135937185336047150485683232545852661132812500
-0.0581869091187033476986201208092097658663988113403320312
0.3001867904339354797826899812207557260990142822265625000
-0.0775774561556761554914629641643841750919818878173828125
-0.2856884130066548177495633353828452527523040771484375000
0.0480424302985266796217622697895421879366040229797363281
0.3642470491748519001440342890418833121657371520996093750
-0.1322371296126332029796657252518343739211559295654296875
-0.3544309397413613615945848778210347518324851989746093750
0.3157424043051906270562767531373538076877593994140625000
-1.0821857467968309940431481663836166262626647949218750000
0.1604834863042087222950726754788774996995925903320312500
-0.6143183498530949693261504762631375342607498168945312500
-0.5646944082805520626067163902916945517063140869140625000
-0.5919428277250440295631506160134449601173400878906250000
0.2631603897678299608386964791861828416585922241210937500
-0.0946860971170073728586658035055734217166900634765625000
-0.0106067927080032292641575963898503687232732772827148438
0.0167574847332739029770465322144445963203907012939453125
-0.3558931590791497012737920613290043547749519348144531250
0.0696253439007624153056497107172617688775062561035156250
-0.0199417922008283364510017321435952908359467983245849609
0.0623465526610683939967572086970903910696506500244140625
-0.0295858003171183200907812249624839751049876213073730469
-0.0519453712195838412934989491986925713717937469482421875
-0.2642047111212265653179542823636438697576522827148437500
0.0032718748235878100660833922574965981766581535339355469
-0.1260933443645618490247528598047210834920406341552734375
-0.8376760456705683033362674905220046639442443847656250000
0.2541080460843745392196524335304275155067443847656250000
-0.4154076344162442313567851215339032933115959167480468750
0.0767932957887247080730475090604159049689769744873046875
0.1739327760798191624402875277155544608831405639648437500
-0.7936747341116799914217949662997853010892868041992187500
-1.0939692824624280831358191790059208869934082031250000000
0.4489309601621264689264023672876646742224693298339843750
-0.5122581760572924025609609088860452175140380859375000000
-0.1948674354431038924229113717956352047622203826904296875
0.1903677525263496317364797505433671176433563232421875000
-0.1971110175944853215579399829948670230805873870849609375
-0.0167340681829303561389821197735727764666080474853515625
0.8718516328893449740533583280921448022127151489257812500
-0.1782935269802134736760734767813119105994701385498046875
-0.3209641025454151863627316743077244609594345092773437500
0.1375719376534147997404033958446234464645385742187500000
0.3529886476727475130843458828167058527469635009765625000
0.5089994675975962890035475538752507418394088745117187500
0.4467363221330008515863596585404593497514724731445312500
-0.2187023200714128534638547307622502557933330535888671875
-0.3167571177370089308134026850893860682845115661621093750
0.3319108267544182422348342242912622168660163879394531250
-0.8514361471753573162857264833291992545127868652343750000
0.3255455099800189655567805857572238892316818237304687500
0.4921771353789261005395871961809461936354637145996093750
0.3529079252752106432566847615817096084356307983398437500
0.5704974041649283345023491165193263441324234008789062500
0.7054583752423032594336405054491478949785232543945312500
0.8404306881354555169849618323496542870998382568359375000
