nn
4,10,10,2
dIn
1,2,3,4,5,6,7,8,9
dIntern
,
dOut
1,2,3,4,5,6,7,8,9
normP
8.8943830192111868,8.3127385337806761,1.0,1.0
normY
1.0,1.0
w
-0.4576213408103400603899046927836025133728981018066406250
-0.1070558585597750633766622740949969738721847534179687500
-0.2933874200066918791485193196422187611460685729980468750
-0.4708471224208942707001313010550802573561668395996093750
-0.5604451226759853410541722951165866106748580932617187500
-0.0962596674465840684842277141797239892184734344482421875
0.2500202180125392081855295600689714774489402770996093750
-0.0677493503167059807346106481418246403336524963378906250
-0.2739407223658149592715460585168329998850822448730468750
0.2109001691812064094300183114683022722601890563964843750
0.1894243652628929130976587202894734218716621398925781250
-0.0593538915000511660413629044796834932640194892883300781
0.1191854853818836157408611597929848358035087585449218750
0.4331985952717322119198684049479197710752487182617187500
0.2689338331045733609947490094782551750540733337402343750
0.0949149929354017318772207545407582074403762817382812500
-0.1979926250806077481225742076276219449937343597412109375
0.3420951020572874368141924605879466980695724487304687500
0.0016219835346051414241841381880249173264019191265106201
0.4949182309026132209339721157448366284370422363281250000
0.0749299616325743017553051572576805483549833297729492188
-0.0931801310190201598215864464691549073904752731323242188
0.1274213517360563152625019256447558291256427764892578125
-0.2198786369598235423961085643895785324275493621826171875
0.4766838639068654015495951625780435279011726379394531250
-0.4932629290409106248560533458658028393983840942382812500
0.3964987566835367349682428539381362497806549072265625000
0.0240860014456492597945125311298397718928754329681396484
0.3599011329785357649058141760178841650485992431640625000
0.4323387278010480394563330719392979517579078674316406250
0.1742409228459712855485719273929134942591190338134765625
-0.4033343536203878865187277824588818475604057312011718750
0.4320289420944561920023829770798329263925552368164062500
-0.4353912611040778313231669471861096099019050598144531250
0.2487753080559659546455719691948615945875644683837890625
0.4724178612376854768939438145025633275508880615234375000
-0.3286785932655029163207416331715648993849754333496093750
-0.3583269296175031759510432038950966671109199523925781250
-0.0614833531396047627826106918291770853102207183837890625
0.2428354058849386543084136746983858756721019744873046875
0.0343625267651692586912126614606677321717143058776855469
0.4888218633460856277217487786401761695742607116699218750
-0.1714221953169485779255865054437890648841857910156250000
0.2535839387996363103461305854580132290720939636230468750
0.2324216903819380231066560327235492877662181854248046875
0.3246675558643451475759889035543892532587051391601562500
-0.1421064990677840256250163974982569925487041473388671875
-0.1170894408263159214289572673806105740368366241455078125
-0.4400229041197089574488643393124220892786979675292968750
0.1549927411735558813177249248838052153587341308593750000
0.4389079984404834489097879668406676501035690307617187500
0.3736658881554761335586078985215863212943077087402343750
0.2017052421967422681792214689266984350979328155517578125
0.2803974921486085958299838694074423983693122863769531250
-0.1122833436733189221845563565693737473338842391967773438
-0.1921623734057180121759245139401173219084739685058593750
0.2360922627560108066901989332109224051237106323242187500
-0.3086156330669166947267001432919641956686973571777343750
-0.1704030551879270050097403554900665767490863800048828125
0.1768782530393599172757745918715954758226871490478515625
0.2796788717567564863664131280529545620083808898925781250
-0.2777872117434269094715659775829408317804336547851562500
0.1363327207712174138354299657294177450239658355712890625
-0.4943445786783481343817925335315521806478500366210937500
0.2371778965081025869476860634676995687186717987060546875
-0.4404703283383038514564589149813400581479072570800781250
0.3872115435048755216485005803406238555908203125000000000
-0.2394033274330880367575247191780363209545612335205078125
0.0939195879492039226166255616590206045657396316528320312
0.4346750695270165665284878286911407485604286193847656250
-0.2537480233586720812510861833288799971342086791992187500
-0.4257375731954761155506616887578275054693222045898437500
0.3749711201841446350790931774099590256810188293457031250
-0.1388023324567892458070161865180125460028648376464843750
0.0002501989290267959010344300807560102839488536119461060
0.0172245895384080874301879759968869620934128761291503906
-0.4862101001892550899974310141260502859950065612792968750
-0.0645558067520597411714788904646411538124084472656250000
0.0437812724522763027645844147173193050548434257507324219
-0.1547787144258509772765108891690033487975597381591796875
0.2324464405023008162221032080196891911327838897705078125
-0.3099899429159964081570421967626316472887992858886718750
-0.2386286991821106873157276595520670525729656219482421875
-0.0440833795934647693082197861258464399725198745727539062
-0.1016461965123584554326896522979950532317161560058593750
-0.2784204202955589124712787452153861522674560546875000000
-0.2050060644395290676555987374740652740001678466796875000
0.0302810791740761274526416713115395396016538143157958984
0.2494090230695873433575115996063686907291412353515625000
0.4904724909569312396584450652881059795618057250976562500
0.4638003327709577239268412540695862844586372375488281250
0.1251946250394118387294639660467510111629962921142578125
0.0312519153394223911379690150624810485169291496276855469
-0.2783874545303852698907576268538832664489746093750000000
-0.0061573862115083281484895216806307871593162417411804199
-0.4561411463553021738981385624356335029006004333496093750
-0.0553770814653599952048779186952742747962474822998046875
0.0397718759428201673600256071949843317270278930664062500
-0.3759433374853007325810949623701162636280059814453125000
0.3371388888031413566537253245769534260034561157226562500
0.1158730475293821282622985791022074408829212188720703125
-0.2919213531407404693673868223413592204451560974121093750
0.0486150864251860270748295533849159255623817443847656250
0.0270588360747764933300629763834876939654350280761718750
-0.2415052536112262115963744690816383808851242065429687500
-0.2979074508861876413590152878896333277225494384765625000
0.3288132051678047673703986220061779022216796875000000000
0.2203903633870565037522482043641502968966960906982421875
-0.3434710844282967134866169089946197345852851867675781250
-0.4831004900015506975385903842834522947669029235839843750
0.1980850165190110867552419904313865117728710174560546875
-0.3226449771684957168460528009745758026838302612304687500
0.2048791755363933708711243752986774779856204986572265625
-0.1016769223710747294120437800302170217037200927734375000
-0.2211845553285053389558356684574391692876815795898437500
-0.3903643318820396168611353004962438717484474182128906250
-0.0489749227919697993627323739929124712944030761718750000
-0.0485201300359402315498513758029730524867773056030273438
0.2484149874565003968118759303251863457262516021728515625
0.4789237414030827477695595462137134745717048645019531250
0.4061124214665793319412046002980787307024002075195312500
-0.1021592236464662628581123726689838804304599761962890625
-0.1721657786155149916229589734939509071409702301025390625
0.0566191311746248177039220195183588657528162002563476562
-0.2780402531477700334150426897394936531782150268554687500
-0.3734434363282241875481304305139929056167602539062500000
-0.0105684326339605429156964788717232295311987400054931641
-0.0492268354216289991120980573668930446729063987731933594
0.3620885815296312482125529186305357143282890319824218750
0.3890362112963832719181311858847038820385932922363281250
-0.4615051124788951963928695931826950982213020324707031250
-0.0670461915243056039148683566963882185518741607666015625
0.0666385865389573783801324680098332464694976806640625000
0.4811469129577546355314154880034038797020912170410156250
-0.0246887258851649013524642839456646470353007316589355469
-0.0472937518858278158062624640933790942654013633728027344
-0.0242278839331719689220712155020009959116578102111816406
0.1786368083833068665100540783896576613187789916992187500
-0.3726060076282611821518742090120213106274604797363281250
0.1571650951503430204692079996675602160394191741943359375
0.5128222580689757448269006090413313359022140502929687500
-0.4484232700777120439461498335731448605656623840332031250
-0.0276135745855746669863428621738421497866511344909667969
-0.4856596583347167483957207423372892662882804870605468750
-0.0028188023568601859591975511420969269238412380218505859
-0.2280880900711395875557485624085529707372188568115234375
0.4475462648431220991085410787491127848625183105468750000
-0.3459254101047348206598996966931736096739768981933593750
-0.4189025784134757235399604269332485273480415344238281250
0.4048538998261459465055622786167077720165252685546875000
-0.3068566741576652656675605612690560519695281982421875000
-0.0382963189316857938182536713611625600606203079223632812
-0.4061744898226337108226857708359602838754653930664062500
0.1249398673029499806652609095181105658411979675292968750
-0.3619435485487580428376475083496188744902610778808593750
-0.1463704271968206960252700810087844729423522949218750000
-0.5797713666380583941162285555037669837474822998046875000
-0.1605928707780094888413202625088160857558250427246093750
0.1366299912914955005938111298746662214398384094238281250
0.4135084737221427775288873363024322316050529479980468750
-0.3494081886378929691083783382055116817355155944824218750
0.4498977828233943210278766855481080710887908935546875000
0.3640335357480359856907625726307742297649383544921875000
0.3050928868452026931912257623480400070548057556152343750
-0.3064236243472797660558626375859603285789489746093750000
-0.0173147464984821641831302940772729925811290740966796875
0.4199689545577984239876911942701553925871849060058593750
0.2943333087071017817315521369891939684748649597167968750
-0.1560382039363855111169243627955438569188117980957031250
0.4100525057410228102483529255550820380449295043945312500
0.2645636388441428565876378797838697209954261779785156250
0.4081898417331384365525082102976739406585693359375000000
0.3896311982971307763534696277929469943046569824218750000
-0.0135403565795860405390760305976982635911554098129272461
0.3118252284904092785922102848417125642299652099609375000
-0.4696726349726029758890888388123130425810813903808593750
0.2963338135807031537005684640462277457118034362792968750
0.0663756780395046847020878999501292128115892410278320312
-0.4272960960429430521401172882178798317909240722656250000
-0.2364463547560680112269437813665717840194702148437500000
0.3832672282558449716738380175229394808411598205566406250
0.3316865018556287014739325513801304623484611511230468750
-0.3874426963880826524366796093090670183300971984863281250
-0.0262562340093880457192465627258570748381316661834716797
-0.1291992146894456183758848055731505155563354492187500000
0.4043421261890775553204946390906115993857383728027343750
0.4403141108267293879485748675506329163908958435058593750
-0.1719591253320931767412105273251654580235481262207031250
-0.2668261883185102378845954262942541390657424926757812500
0.2415797409143247420626465782333980314433574676513671875
-0.2605800001808281640691689062805380672216415405273437500
0.5614688243958806390665472463297192007303237915039062500
0.3925008875918703510343732432374963536858558654785156250
0.3031378993924192521980387482471996918320655822753906250
0.2461086070620651933271716416129493154585361480712890625
-0.2079892132859978148839985578888445161283016204833984375
-0.1624707872488946047706548370115342549979686737060546875
0.3715779020278861533022052299202186986804008483886718750
0.3832724308801687129744095727801322937011718750000000000
-0.3620360200800568084567032656195806339383125305175781250
-0.4272323848164033543994833053147885948419570922851562500
-0.3189592372142605603002607495000120252370834350585937500
0.1734847250120903627834678673025337047874927520751953125
-0.2351791344225491187103216361720114946365356445312500000
0.2877855723443841218234240386664168909192085266113281250
-0.4146605666799108025344366978970356285572052001953125000
-0.0883556639949314714943540138847311027348041534423828125
-0.2850592822352573385558116569882258772850036621093750000
0.1237111368181032788893247698069899342954158782958984375
-0.1782293196312497163269483735348330810666084289550781250
-0.2103536226277230858361377840992645360529422760009765625
-0.4344938972907403940126869201776571571826934814453125000
0.0194183569011655808578264981179017922841012477874755859
0.2071544887460644301935275279902270995080471038818359375
0.1931948954378121807717860747288796119391918182373046875
0.1693153258346025979985682852202444337308406829833984375
-0.2776627193797500114946785743086365982890129089355468750
-0.0635981955303228513320945580744592007249593734741210938
-0.1415403753994494695511718873603967949748039245605468750
0.3097246760615233185376382607501000165939331054687500000
-0.4405536358263213436714522686088457703590393066406250000
-0.1157803106202358600640422992000821977853775024414062500
-0.0895649144895244719855043058487353846430778503417968750
0.2394816608828121140550848622297053225338459014892578125
-0.3823012245400502218117821939813438802957534790039062500
0.0879649012496621501844273893766512628644704818725585938
0.4537671373066995417211444419081090018153190612792968750
-0.0584677271982344884393434369940223405137658119201660156
0.2955956956131943758059321680775610730051994323730468750
0.4391847048927737806600646308652358129620552062988281250
0.2054359039357817606763489948207279667258262634277343750
0.2497662774753842129804581873031565919518470764160156250
0.0969192398298163587666564922074030619114637374877929688
-0.4114455654520906002780122889816993847489356994628906250
-0.2573943284757522764749637644854374229907989501953125000
0.2368830626011653450735394699222524650394916534423828125
0.2216691863904397263862477984730503521859645843505859375
0.0488264328343919473685019738695700652897357940673828125
-0.4127412247082413165877312621887540444731712341308593750
-0.1829670080010301069783906768861925229430198669433593750
-0.4306372203669195375397293901187367737293243408203125000
-0.3275580911729337185711585789249511435627937316894531250
-0.3735411074661470487434655751712853088974952697753906250
-0.0035765789726655882255212937081978452624753117561340332
-0.3152012739854112566284527474635979160666465759277343750
-0.3054799610424858147261772955971537157893180847167968750
-0.2080768094647922894502301005559274926781654357910156250
0.4587529209428795051728400267165852710604667663574218750
0.3733015297669061705043702659168047830462455749511718750
0.0099681798315455136250129442032630322501063346862792969
-0.2355017658081131615155356939794728532433509826660156250
-0.4416054533815336746727098216069862246513366699218750000
-0.2836485457868894721755737009516451507806777954101562500
-0.2339342865825236317256496931804576888680458068847656250
0.3345728743770509661104028964473400264978408813476562500
0.1405366110196203388582603110990021377801895141601562500
-0.2555973615621297545530410388892050832509994506835937500
-0.2972410599564923039395125670125707983970642089843750000
-0.4449485703318434848263507319643395021557807922363281250
-0.1519042607563959867977843032349483110010623931884765625
-0.1656367703393258616895167278926237486302852630615234375
-0.3243277785569420035294285753479925915598869323730468750
-0.2413527195519214185726042387614143081009387969970703125
0.2500176263176602797777547948498977348208427429199218750
0.4508635524524037818672184130264213308691978454589843750
0.2462253829837761642806981399189680814743041992187500000
-0.5281768034936110689514521254750434309244155883789062500
0.1955321530514315397919489214473287574946880340576171875
-0.3109256532841255804555657960008829832077026367187500000
0.1165855183857745502873370924135087989270687103271484375
0.4579483083822289413156170212459983304142951965332031250
-0.2676172521421329442148362431908026337623596191406250000
0.0400358233242031971710339632863906444981694221496582031
-0.1965715075383026033684075173368910327553749084472656250
-0.0801374137363560501423620507921441458165645599365234375
0.1979258262255161604503683747680042870342731475830078125
-0.0022952081723207999608415974535091663710772991180419922
-0.1754723489096092214900579620007192716002464294433593750
-0.0701643439674062979749535884366196114569902420043945312
-0.1550312012023132568483418936011730693280696868896484375
-0.3196954364016569294371095111273461952805519104003906250
0.3695507610808949627845265695214038714766502380371093750
-0.2498105578515973645981063100407482124865055084228515625
0.0329954724836614976535287269143736921250820159912109375
0.5228714573152530853406005917349830269813537597656250000
0.2910261631367065948694516919204033911228179931640625000
-0.1953027396129921322565081709399237297475337982177734375
0.2934474163352833175899547768494812771677970886230468750
-0.4434302820851109272481949119537603110074996948242187500
-0.4912948498772606864548606608877889811992645263671875000
0.4133837923021395632794394714437657967209815979003906250
-0.3027985564593898004659422440454363822937011718750000000
0.1139025749343571397576013737307221163064241409301757812
-0.1760798493224830507664080414542695507407188415527343750
-0.6555574754268000958745687967166304588317871093750000000
0.3916436500544813736901517131627770140767097473144531250
0.2929293927362786043033793248469009995460510253906250000
0.2194771449504761828830368131093564443290233612060546875
-0.0702978644814523656592086808814201503992080688476562500
0.0782222100051504221074338829566841013729572296142578125
0.4267367871113430521923248761595459654927253723144531250
-0.1136449451798784981981782493676291778683662414550781250
0.3299336970076478525726315638166852295398712158203125000
-0.3285349953994644023325122361711692065000534057617187500
0.4573394259460687449880822441627969965338706970214843750
0.1079714602761072672620912271668203175067901611328125000
-0.4225334000785403443245513699366711080074310302734375000
-0.3046078338866917700755720943561755120754241943359375000
0.2345609503929417249956657087750500068068504333496093750
-0.3051479454981592120965672165766591206192970275878906250
0.1949395110978640599519451370724709704518318176269531250
0.0658700614754677699069773666451510507613420486450195312
-0.2118370938830548833031741651211632415652275085449218750
0.3819420812076595450612614968122215941548347473144531250
-0.1234102609935996547330105954642931465059518814086914062
-0.2675888658532840080894743550743442028760910034179687500
0.1579812160353959715752836245883372612297534942626953125
0.4179269163380538443242073753935983404517173767089843750
-0.4696187875790249766083661597804166376590728759765625000
0.2442502673989006556354297572397626936435699462890625000
-0.1544444847790086561278855015189037658274173736572265625
-0.2339033212880765599805954479961656033992767333984375000
0.1369060353102136418090850611406494863331317901611328125
0.3561984407410836994678504652256378903985023498535156250
-0.3727116656097818059301118864823365584015846252441406250
0.1185219210072093187768871302978368476033210754394531250
0.2003879238694240838558613404529751278460025787353515625
0.3896012499402671802606334949814481660723686218261718750
-0.3852818393778386640846633781620766967535018920898437500
0.4563901954934124760576708013104507699608802795410156250
-0.0030425119546446609784806636156417880556546151638031006
-0.0506437678275663272220441513127298094332218170166015625
-0.2548193367016499677468743811914464458823204040527343750
0.4813900303232488409044265154079766944050788879394531250
-0.0050514164373804343668994398797167377779260277748107910
0.3565152885901451962347152857546461746096611022949218750
-0.1920832502014027109993321573711000382900238037109375000
-0.0021994163205216158037125229185448915814049541950225830
0.2945725782903276801505398907465860247611999511718750000
0.2861604657743120339041809074842603877186775207519531250
-0.2707762520678581585897859440592583268880844116210937500
0.1435553547415854003244106706915772520005702972412109375
-0.3105405637157624409994127745449077337980270385742187500
-0.2349164272087590765725195751656428910791873931884765625
-0.0784275267048844815231944949118769727647304534912109375
0.2981353988429087942257922350108856335282325744628906250
-0.3496671046528510573558889973355690017342567443847656250
0.0486340709594362471945849790699867298826575279235839844
-0.2818296548071456131268064382311422377824783325195312500
0.2873359337305580463173271255072904750704765319824218750
0.3989575410934249610761526128044351935386657714843750000
0.0531441191031810505895904839235299732536077499389648438
-0.3817017667034769412559569445875240489840507507324218750
-0.0198657417482678948228436155432063969783484935760498047
-0.3863434527935354911853949033684330061078071594238281250
-0.4589699370274042955486493156058713793754577636718750000
-0.0333976680338382292401178119689575396478176116943359375
-0.2212610421219844414331134885287610813975334167480468750
-0.1419148935303172487376599519848241470754146575927734375
0.2167922284188767145796106206034892238676548004150390625
0.1487725198118238223443654533184599131345748901367187500
-0.2579480805415271249536601771978894248604774475097656250
-0.2753733240300876294881504691147711127996444702148437500
0.2537119083008371189791319011419545859098434448242187500
0.0978560652674135833528623606980545446276664733886718750
-0.0508204989533526246825445582544489298015832901000976562
-0.1269685502332348059351119218263193033635616302490234375
-0.3337273801780552551221603607700672000646591186523437500
0.4860522060839576607982337463909061625599861145019531250
0.3931653318323595769356870732735842466354370117187500000
-0.1529594248276383294804503520936123095452785491943359375
0.4990956452662039244394520665082382038235664367675781250
-0.3410946601953996348832731655420502647757530212402343750
0.3821578938187085716648994093702640384435653686523437500
-0.4975492765433716102485561805224278941750526428222656250
0.1976321061952253099747167652822099626064300537109375000
-0.3241869893209646802390011544048320502042770385742187500
0.3420412361369179476966451147745829075574874877929687500
0.0000262347822191490997480699254307268120101070962846279
0.0714064413617180038240661588133662007749080657958984375
-0.1961182666332498270023165787279140204191207885742187500
0.2919454369050444864086557572591118514537811279296875000
0.4575775412998474012127303467423189431428909301757812500
-0.0287044902393883347158087815387261798605322837829589844
-0.3641950257217970721157485058938618749380111694335937500
-0.5002540195723571558872322384559083729982376098632812500
0.0459727515635482350542240226332069141790270805358886719
-0.3597441167051002586241281733236974105238914489746093750
0.3781943858170442318566983885830268263816833496093750000
-0.1516785136310171422380221883940976113080978393554687500
0.5334298173646844221096330329601187258958816528320312500
-0.1066301526104695557295443109069310594350099563598632812
-0.0870021304872722472945056892967841122299432754516601562
-0.0342981447491393434678919049929390894249081611633300781
0.5157149597722141542988083529053255915641784667968750000
0.0834964307325694460315546052697754930704832077026367188
0.3784056142147822487942221414414234459400177001953125000
0.2073248112567530054839437525515677407383918762207031250
-0.2565328299240550169457719675847329199314117431640625000
0.1109450116969173116832081404936616308987140655517578125
0.0439888651266928040750592288077314151450991630554199219
0.0518927579391256846297331151163234608247876167297363281
0.2959324417731324929903280462895054370164871215820312500
-0.1659175894690883279469773015080136246979236602783203125
0.3162081539400625751490281345468247309327125549316406250
-0.2413400166920096900913250692610745318233966827392578125
-0.2391099648389183873753438547282712534070014953613281250
-0.4841246964912139238990107514837291091680526733398437500
-0.2991033874790676727606353324517840519547462463378906250
-0.1141508125785671429186507452868681866675615310668945312
-0.3668222149446845881115564225183334201574325561523437500
0.3522200385581168990967171339434571564197540283203125000
-0.3408663382121657203782660872093401849269866943359375000
-0.2825162455231173264103006204095436260104179382324218750
-0.3686907344189914170762278899928787723183631896972656250
0.1331157449434757222839209589437814429402351379394531250
-0.4270660087601089172082424738619010895490646362304687500
-0.3634490690748149455124860196519875898957252502441406250
0.1167177647686292174533662091562291607260704040527343750
0.3773931692663828885159205128729809075593948364257812500
-0.3138878228665971659161471052357228472828865051269531250
-0.4079888330085055248019898499478586018085479736328125000
0.1312307972693287916321480679471278563141822814941406250
-0.1226150248361343175762527835104265250265598297119140625
-0.0332085385654979914349382852378766983747482299804687500
0.1305178322076086805392236556144780479371547698974609375
0.3641701401931274340029176528332754969596862792968750000
0.4285223506775166502080764985294081270694732666015625000
0.3924406403867579662403386464575305581092834472656250000
0.4361710975972402648537240565929096192121505737304687500
-0.4446780744096107129692541093390900641679763793945312500
-0.1348423509301823475237114280389505438506603240966796875
-0.4328500607578394387964237921551102772355079650878906250
-0.0109927754385495957123453081294428557157516479492187500
-0.3021942948803061357310184575908351689577102661132812500
0.2492904715744219401596382112984429113566875457763671875
0.1848893302445440145476140969549305737018585205078125000
-0.4023073667452033985725279308098834007978439331054687500
0.3576022630777339617047516640013782307505607604980468750
0.4183139829931094011428172052546869963407516479492187500
0.3631050456105932022765614419768098741769790649414062500
-0.3245585698207375524582118941907538101077079772949218750
-0.0364759119458208588837599961607338627800345420837402344
0.3214316463620879860130230554204899817705154418945312500
0.2304321451039211821054664142138790339231491088867187500
-0.4115738028305455098454501694504870101809501647949218750
-0.1904004677275019374871334321142057888209819793701171875
-0.1046727013776003467615538511381600983440876007080078125
-0.4122250835831302029355072136240778490900993347167968750
0.2428994548894972682617776627012062817811965942382812500
0.0938683816874188170498172212319332174956798553466796875
0.4451595118009441520712243800517171621322631835937500000
0.3586728852136981116061065222311299294233322143554687500
-0.4777005181182898962966021372267277911305427551269531250
0.2001997472767739483234805675238021649420261383056640625
-0.2563991714210548944485879019339336082339286804199218750
-0.4873139731985879352649249085516203194856643676757812500
0.2208030411018236660591895770267001353204250335693359375
-0.2694103547728485814616306015523150563240051269531250000
0.1793761167861837868553465114018763415515422821044921875
-0.3521602037879414393017896145465783774852752685546875000
0.2641675949920005983528881188249215483665466308593750000
-0.3671062793882203245665607482806080952286720275878906250
0.3501446977156292272859161585074616596102714538574218750
-0.3261202719633396474030462286464171484112739562988281250
-0.0515160794263671700798923325237410608679056167602539062
0.0955389830505945503169584753777598962187767028808593750
0.4055435012837153574416504397959215566515922546386718750
0.1470348999590730398878690721176099032163619995117187500
-0.0670499032280763157531922047382977325469255447387695312
0.3571480938696917073471581716148648411035537719726562500
-0.4769445821568870091944347677781479433178901672363281250
-0.0458176061537808737567090133779856842011213302612304688
-0.1983296105595949432309765825266367755830287933349609375
0.3352709885748633156232756391545990481972694396972656250
-0.1973395504499819708144059404730796813964843750000000000
0.1399124596390622365937872473296010866761207580566406250
0.1442181939737490758979276961326831951737403869628906250
0.0387736799936618387052433831740927416831254959106445312
0.2514480250033779840101999525359133258461952209472656250
-0.1236121635066859264506788917969970498234033584594726562
0.0468463617159770376319194440384308109059929847717285156
-0.3965615825858569976070100437937071546912193298339843750
-0.1810043289527542842431984126960742287337779998779296875
-0.4307452820502509216460396146430866792798042297363281250
-0.1271358713754884295354941059486009180545806884765625000
0.2328728927351418898084034481144044548273086547851562500
0.4637151096941680150642639546276768669486045837402343750
-0.3549011936771160335979402589146047830581665039062500000
-0.3608148354182568740000647267152089625597000122070312500
0.2835049232991951884130799044214654713869094848632812500
0.0454708517838367451413539299664989812299609184265136719
-0.2726020620532583760287081986461998894810676574707031250
0.2780182179085031735077393477695295587182044982910156250
-0.1201806389089301735362269596407713834196329116821289062
-0.1009337142290367417274410399841144680976867675781250000
0.4113748556541805823094648530968697741627693176269531250
-0.1135381174091931871794614039572479669004678726196289062
-0.2861835834477147177956624091166304424405097961425781250
-0.3211187593393902695027009031036868691444396972656250000
-0.2070982025482033528351877293971483595669269561767578125
0.3027914157529364991283671315613901242613792419433593750
-0.3115023860275228928529145377979148179292678833007812500
0.0537486117045489902865895714967336971312761306762695312
-0.0035186373977255883810366654529389052186161279678344727
0.2072260373441410230554993177065625786781311035156250000
0.0693685368091291193470837583845423068851232528686523438
0.2472966865516542378511388733386411331593990325927734375
0.2079140352736142394185492321412311866879463195800781250
-0.3470154162206259274014996663026977330446243286132812500
0.0745904653374922371744659699288604315370321273803710938
0.1773317905850662623556956987158628180623054504394531250
-0.1872140818865340727850110624785884283483028411865234375
-0.1749216066590184859297352204521303065121173858642578125
-0.0849796647634143836880227240726526360958814620971679688
-0.0023721870304060847615967855261942531797103583812713623
0.4079655911608678908741865143383620306849479675292968750
0.0109687787433598287617497746282424486707895994186401367
0.3998310166979162638689615505427354946732521057128906250
0.0719330812276072623090428237446758430451154708862304688
0.0379053162351869407653559562731970800086855888366699219
-0.2009337585628766797984923186959349550306797027587890625
-0.4225724697710723232191298848192673176527023315429687500
-0.1392952012057664390454192471224814653396606445312500000
-0.1902760010805542856271443952209665440022945404052734375
0.2653015905444470745599971905903657898306846618652343750
0.1323027009304804935130306375867803581058979034423828125
0.3769790025817486567305536482308525592088699340820312500
0.1334324931685650639234808068067650310695171356201171875
0.1918502117653360927729266904862015508115291595458984375
0.3531435845991507949115373321546940132975578308105468750
0.2216214226326246039544543009469634853303432464599609375
-0.0010975263903581528469183270502185223449487239122390747
0.0436516618193433861283558883314981358125805854797363281
0.4886255829151582852354351871326798573136329650878906250
-0.0905133980094262324822551590841612778604030609130859375
-0.2384332128019008567587633251605438999831676483154296875
-0.3520095333227366007911030010291142389178276062011718750
0.1512904543201203100277751900648581795394420623779296875
0.1838755682241400013499088572643813677132129669189453125
-0.3721429712492355101893792834744090214371681213378906250
-0.2633798962335555104985473917622584849596023559570312500
0.0509541054035464180405057277312153019011020660400390625
0.0843438575671976026315590502235863823443651199340820312
0.2955114727782426897739753712812671437859535217285156250
-0.4731412501876383069898679423204157501459121704101562500
0.3833163722998993439006198968854732811450958251953125000
0.1089070475563960471721003386846859939396381378173828125
-0.4960583145288611217615937221125932410359382629394531250
-0.0297409046334608205552907378432792029343545436859130859
-0.4846767548227661759341344804852269589900970458984375000
-0.2152615665424030266805743849545251578092575073242187500
0.4008906008102416373972687324567232280969619750976562500
0.2834052549572694812418660603725584223866462707519531250
-0.0559732836726441126962150462986755883321166038513183594
0.1800644303247355137997942620131652802228927612304687500
-0.1617757444817274070647528105837409384548664093017578125
0.2355915094009367327654302926021046005189418792724609375
0.0604092749862145533823465370915073435753583908081054688
0.0945336082709448133343244080606382340192794799804687500
0.2307811027908807932629287051895516924560070037841796875
0.1528825627818754806508394494812819175422191619873046875
-0.0686083161392996715433056920119270216673612594604492188
-0.3094215262378779418561691727518336847424507141113281250
0.2779690759272999689422078972711460664868354797363281250
0.4276971028544267472426554377307184040546417236328125000
-0.0380343685952766186186835284388507716357707977294921875
-0.2269385601099926375034954162401845678687095642089843750
0.2681552660257251474718032113742083311080932617187500000
-0.2077035679007839530374468495210749097168445587158203125
0.5583275582170307282936505544057581573724746704101562500
0.3911578346522214810754292102501494809985160827636718750
-0.1883853585297168009571322500050882808864116668701171875
-0.1719576354228855297190392548145609907805919647216796875
-0.2454520460119047342573139758314937353134155273437500000
0.1317460862711349045550690561867668293416500091552734375
0.2663323471013447907296267658239230513572692871093750000
-0.2167598429956423544684440685159643180668354034423828125
0.0690395458788615051792803001262655016034841537475585938
-0.2224365976672391387314320354562369175255298614501953125
-0.2473767163547277159185711070676916278898715972900390625
0.2090154808904131911173607250020722858607769012451171875
0.4625330667031742892802981259592343121767044067382812500
-0.0252662313669542899774445032790026743896305561065673828
-0.5361624487939182781559566137730143964290618896484375000
0.1357172684532211015540070775386993773281574249267578125
0.0526369018562631574287280500357155688107013702392578125
-0.3160238304896766936558094585052458569407463073730468750
0.2256695960875114703725330400629900395870208740234375000
0.1643469638927174125697661111189518123865127563476562500
-0.0781526364133743461914960448666533920913934707641601562
-0.2285522411607157355906139173384872265160083770751953125
0.1835577241479579291283386055511073209345340728759765625
0.2579121483918838664273209815291920676827430725097656250
-0.0845846886280391119239396857665269635617733001708984375
-0.2785199657595430755563370439631398767232894897460937500
0.0675640412667404127722292628277500625699758529663085938
0.0731705964989973339784867789603595156222581863403320312
0.1377151609647684904480513523594709113240242004394531250
0.2777387440466833057328699396748561412096023559570312500
-0.3458556057457017884892991332890233024954795837402343750
0.1181387801329740472322527011783677153289318084716796875
-0.3311501841557049075071006427606334909796714782714843750
-0.4478710159078231334284225795272504910826683044433593750
-0.3523781015786935366662646629265509545803070068359375000
-0.0604590487306966364866589458415546687319874763488769531
0.1250043653032944512837332240451360121369361877441406250
0.1015101610370838652874780905221996363252401351928710938
0.4864539694259713553670110286475392058491706848144531250
0.0426413346213202412715581601787562249228358268737792969
-0.2604256331631341070398377723904559388756752014160156250
-0.1053886823454869003935385762815712951123714447021484375
0.4570831142576677330602308302331948652863502502441406250
-0.0956412422343603518815058350810431875288486480712890625
0.2836140640559159376010711639537476003170013427734375000
-0.0328718983214988519359067709046939853578805923461914062
-0.2524758447353792067957556355395354330539703369140625000
-0.5462152047415734790192232139816042035818099975585937500
0.2945158267480337266341905433364445343613624572753906250
0.3630312469711751144352263054315699264407157897949218750
0.3914576797308569333644356902368599548935890197753906250
0.0416111494463141176614051630622270749881863594055175781
0.0892460004380546262359175102574226912111043930053710938
0.3260892893584916296667586266266880556941032409667968750
0.2457444197899124327388875599353923462331295013427734375
0.1927358272806623806783221652949578128755092620849609375
-0.3779197251785863520545660776406293734908103942871093750
-0.2819433685467707118021962742204777896404266357421875000
-0.0210698959958503032052767878212762298062443733215332031
0.1165970512598588360031470756439375691115856170654296875
-0.2576380913028342156678718311013653874397277832031250000
0.1997623692622504942839611885574413463473320007324218750
-0.2673093282725106378805435269896406680345535278320312500
-0.1159947684162031672494563849795667920261621475219726562
0.0307192844466863922148203158712931326590478420257568359
0.1263197130196619388797785177303012460470199584960937500
0.5150879758861960366900234475906472653150558471679687500
-0.3095283467258796439303125680453376844525337219238281250
0.0045087902336241360290447488523568608798086643218994141
0.2242863586357500549350874052834114991128444671630859375
0.0016395259152680624788189778229252624441869556903839111
-0.2400888635448498453772714356091455556452274322509765625
-0.4177545876215840725542705058614956215023994445800781250
0.2880039462908803860052842082950519397854804992675781250
-0.3763483423931399118878005083388416096568107604980468750
-0.3455329676679448902554270262044155970215797424316406250
-0.4460295428352690216833309477806324139237403869628906250
0.3832676638246765854489694902440533041954040527343750000
0.1378877908477325886504871732540777884423732757568359375
0.2401537631721000209950034331995993852615356445312500000
-0.4271519915009117096538204805256100371479988098144531250
0.1704159783957208684768147577415220439434051513671875000
0.4267882512128827188213620047463336959481239318847656250
-0.4783058224415898118664358662499580532312393188476562500
-0.0756725496340373005033086428738897666335105895996093750
0.3442186167436373511741010133846430107951164245605468750
-0.4967213962338266064477920735953375697135925292968750000
-0.3451320261227602270714953647257061675190925598144531250
-0.3399749075015651711417774549772730097174644470214843750
-0.0294964778108223260599807247217540862038731575012207031
-0.0909664551217086586598625785882177297025918960571289062
-0.3140715316437892590251124147471273317933082580566406250
-0.1402092526535890504302273029679781757295131683349609375
-0.2227509748293456104395460215528146363794803619384765625
0.1401071581932212817278582406288478523492813110351562500
0.0156567623496286743856042988909393898211419582366943359
0.0457596436439895309922221144915965851396322250366210938
0.3637165020554979366629311243741540238261222839355468750
0.2129412581235999302187167359079467132687568664550781250
0.2158952355805467404614716997457435354590415954589843750
-0.0885207312960895470466127221698116045445203781127929688
-0.3691559586995737385350935255701187998056411743164062500
0.2745256256973881425764716368576046079397201538085937500
0.2329244542191541422759826218680245801806449890136718750
-0.1322316743835693086950300312309991568326950073242187500
-0.5282863948072316073734100427827797830104827880859375000
0.0162173510759566416594701365738728782162070274353027344
0.2211420409891804716995267199308727867901325225830078125
0.3748904618778789998856382226222194731235504150390625000
-0.1884254346501235410915597867642645724117755889892578125
0.0839891082045320785942621455433254595845937728881835938
0.1271141356381151887866565175499999895691871643066406250
