nn
4,10,10,2
dIn
1,2,3,4,5,6,7,8,9,10,11,12,13,14,15,16,17,18,19
dIntern
,
dOut
1,2,3,4,5,6,7,8,9,10,11,12,13,14,15,16,17,18,19
normP
10.851022756491954,10.856503169389578,3.2424439487661916,7.3600213576748086
normY
3.2424439487661916,7.3600213576748086
w
-0.0271265911476122646706077290446046390570700168609619141
0.0376366927311431662128704545011714799329638481140136719
0.0803309822157700081923792367888381704688072204589843750
0.0133264574736762543560875116099850856699049472808837891
0.0331689255463052251604594289347005542367696762084960938
-0.0639487207595231116341594201912812422960996627807617188
0.1062302645995263361555771552957594394683837890625000000
-0.0621505645471357726083994066357263363897800445556640625
0.1582015587704639070221190877418848685920238494873046875
-0.2555129719050467373975266127672512084245681762695312500
-0.0529526479805695962643774521438899682834744453430175781
0.0157391885641070712609224102607186068780720233917236328
0.0595685415071258647645713324436655966565012931823730469
-0.0039525245366846531100413209003363590454682707786560059
-0.0372741674481369966720478714705677703022956848144531250
0.0109804844463157018352728044874311308376491069793701172
0.1346728420529254011128728052426595240831375122070312500
-0.0625373972175876091661450573155889287590980529785156250
-0.2777024670191425848031485656974837183952331542968750000
0.0734890522355965136735989062799490056931972503662109375
-0.4419977431232206543931795295065967366099357604980468750
-0.7934393820195657642813102938816882669925689697265625000
-0.4061555342083425501620297382032731547951698303222656250
0.1383624456758107967857540643308311700820922851562500000
0.5921231947939220585652719819336198270320892333984375000
0.4537033881865565332347500770993065088987350463867187500
-0.1775095647607470017437236720070359297096729278564453125
-0.1155720934947174344253895128531439695507287979125976562
-0.1518213702137988785345612541277660056948661804199218750
0.0176254175669570897766469386169774224981665611267089844
0.6158443574020023847381821724411565810441970825195312500
-0.6051291312121398480172729250625707209110260009765625000
-0.5123350195889138092297798721119761466979980468750000000
0.2372828528773914258387378595216432586312294006347656250
0.5419279594256825038911529190954752266407012939453125000
0.0126427725029005476320431711201308644376695156097412109
0.0518722279479421691239515723736985819414258003234863281
-0.3102823558974689976963645676732994616031646728515625000
0.4580876221970616724021851950965356081724166870117187500
-0.1906870868319434642046417138772085309028625488281250000
0.0220307018051707874384259611133529688231647014617919922
-0.0633832133699331889964412312110653147101402282714843750
0.0548722871849043614123075940369744785130023956298828125
0.0753648380278267027154726065418799407780170440673828125
-0.0180719403259939417893953361726744333282113075256347656
0.0642843491780076409236599488394858781248331069946289062
-0.1176982361318462816379692981172411236912012100219726562
0.4002981230307617876995607275603106245398521423339843750
-0.3423646398340246532754349573224317282438278198242187500
0.2277338609274806857651896052630036137998104095458984375
-0.1458386307453801156164274743787245824933052062988281250
0.0785868446235912926356448338083282578736543655395507812
0.0555861669053300741505374560347263468429446220397949219
-0.0075765509774343847704258791964093688875436782836914062
-0.0267772707156493199043278963245029444806277751922607422
-0.0592119783608800534513427749061520444229245185852050781
0.1235353972427452318161300581778050400316715240478515625
0.2220054964129513641601931794866686686873435974121093750
0.4701748850537114665648630307259736582636833190917968750
-0.1406319712755575990215106685354840010404586791992187500
-0.5125504623969809880890124986763112246990203857421875000
-0.2806378865326787930278840121900429949164390563964843750
0.5986997803092312109285444421402644366025924682617187500
0.1394788043404899813282327158958651125431060791015625000
-0.0157390100166588352281760165851665078662335872650146484
0.2835375215183510433369917791424086317420005798339843750
0.1020620453873036376224447963068087119609117507934570312
0.0795321200530772626224873533828940708190202713012695312
0.0218672773715198227872935632376538706012070178985595703
-0.0418832910913592496027213485376705648377537727355957031
-0.4888191297571584104098008083383319899439811706542968750
0.2190329337905566331468065754961571656167507171630859375
0.0546090252756726846072865555470343679189682006835937500
0.0066663930356134042110038961936879786662757396697998047
-0.1374392256141255264090261789533542469143867492675781250
-0.2266362901726690637360661639831960201263427734375000000
-0.6984332699073083627894220626330934464931488037109375000
-0.3694075682872637877984800525155151262879371643066406250
0.3576706146965530908055086456442950293421745300292968750
-0.4759149124171710432129600576445227488875389099121093750
-0.1021041771824356264586342035727284383028745651245117188
-0.0327004933938794747905198789794667391106486320495605469
0.0367835206182650295558822506336582591757178306579589844
-0.0238977225609752035040411755062450538389384746551513672
-0.0859382180864736999748032530987984500825405120849609375
0.0591028591374755732368306837543059373274445533752441406
0.0822651487365589073608163062090170569717884063720703125
-0.2408805434911669429709490941604599356651306152343750000
0.3185808754113417240461103574489243328571319580078125000
0.2978215562071567235058466849295655265450477600097656250
0.0003556289037004108674437652393152120566810481250286102
0.0557883237608663359874405784921691520139575004577636719
0.0036623712121775535074941210211818543029949069023132324
-0.0522866263060397726269989959746453678235411643981933594
-0.0049785893560113743047668144470208062557503581047058105
-0.0854882529927374484879365468259493354707956314086914062
-0.0016594845335501451702442388125291472533717751502990723
0.0198825809226906985438532160515023861080408096313476562
0.2980267319328205322115366016078041866421699523925781250
-0.2630554465005994213555595706566236913204193115234375000
0.2432428361787576098773655530749238096177577972412109375
-0.8320847092658611998672313347924500703811645507812500000
-0.6465410015641191998625458836613688617944717407226562500
-0.4043177814757749066743031107762362807989120483398437500
1.1943914361352381270364730880828574299812316894531250000
-0.0236492637494272323062105556346068624407052993774414062
0.4346095372561867842264859973511192947626113891601562500
-0.2949580043257669093037520724465139210224151611328125000
-0.3297023490561572511836629928438924252986907958984375000
0.3152328974151623053323589829233242198824882507324218750
-0.2163095247876543891774048233855864964425563812255859375
0.1311645237121734086649382788891671225428581237792968750
-0.7220725000091887668673962252796627581119537353515625000
-0.3236638418221014501519050554634304717183113098144531250
-0.0675580205214584839090719015075592324137687683105468750
-0.1700702170269481894315788395033450797200202941894531250
0.3497193415844226938027361484273569658398628234863281250
0.0340181646512207752630629897794278804212808609008789062
-0.1521346649328398914491344839916564524173736572265625000
0.0945683904934737917802323181604151614010334014892578125
-0.0670329052555997673135124159671249799430370330810546875
0.0535439438965477770837608773035753984004259109497070312
0.0023803133793766587805729173510371765587478876113891602
-0.0349418859477136287128296032733487663790583610534667969
-0.0726392669567434146049578203019336797297000885009765625
0.0041180251346853262439662302085707779042422771453857422
0.0850948215877388169925410466021276079118251800537109375
-0.0293630946956210323040004084305110154673457145690917969
0.4524555212390194425253753252036403864622116088867187500
0.0099605942102070771371202795307908672839403152465820312
0.0349332446587704778528937765713635599240660667419433594
-0.0297019765567423342511599315685089095495641231536865234
0.0213904366484553402905088859142779256217181682586669922
-0.0144048303607373136964175941443500050809234380722045898
-0.0772266361821113689334339369452209211885929107666015625
0.0758646503581952569295054900067043490707874298095703125
0.0281637118875527614481057980810874141752719879150390625
-0.2159775210694283298362705636463942937552928924560546875
-0.1187726978148210266184037209313828498125076293945312500
0.2926085889263318473574315703444881364703178405761718750
0.0819520596864955763738436189669300802052021026611328125
0.6623143358033025673847760117496363818645477294921875000
-0.5699454932583429833670152220292948186397552490234375000
-0.2128731769318292499360012470788205973803997039794921875
-0.2862811535601159085295819295424735173583030700683593750
-0.2612980369485144449548386091919383034110069274902343750
0.3666106410827561501442062308342428877949714660644531250
-0.1946230395292563586373546513641485944390296936035156250
-0.1581464740166663718312634046014863997697830200195312500
0.6032537836262426012012838327791541814804077148437500000
0.2727647845483817667933124084811424836516380310058593750
1.0320394716249621236414668601355515420436859130859375000
-0.4370583425271210020746082136611221358180046081542968750
-0.3393263508207102208125149900297401472926139831542968750
-0.3881124551435628511342201818479225039482116699218750000
-0.0790969852443257209761995341068541165441274642944335938
0.4102613064152492161618113186705159023404121398925781250
-0.3457628896195719669925949801836395636200904846191406250
-0.2127270326982532711035389638709602877497673034667968750
0.5814359353912335048875092979869805276393890380859375000
-0.0791752401416934842304229391629633028060197830200195312
0.0135733293364166725941677427158538193907588720321655273
0.0283083909579459648553356743150288821198046207427978516
0.0161284249526301090571500651549285976216197013854980469
-0.0020222935475277740817456884059311050805263221263885498
0.0024180550084271067862173865137265238445252180099487305
0.1139832115250180855081651998261804692447185516357421875
-0.0237421166887469489714668213764525717124342918395996094
-0.3018807716220355819025655819132225587964057922363281250
0.0492922339912922821691942942834430141374468803405761719
-0.1201704347709563192037052203886560164391994476318359375
0.0379374158942979156083907810170785523951053619384765625
0.0618422174183473477571126863949757535010576248168945312
0.0494260021459158246925902346902148565277457237243652344
0.0312927369516015421724297596028918633237481117248535156
0.0040220643212376273184505137692212883848696947097778320
0.2249439930014181521222838000539923086762428283691406250
-0.0594980103075156627201458547915535746142268180847167969
-0.0440970384310377452874440962204971583560109138488769531
-0.1080141014015102152168168458956643007695674896240234375
0.1235297025603033643781358819069282617419958114624023438
-0.5935072625328973172642577083024661988019943237304687500
0.1467245156149818985369392976281233131885528564453125000
0.1192485064767854485712206269454327411949634552001953125
-0.4595661301765378015105056874745059758424758911132812500
1.0586248722391524701436082978034391999244689941406250000
-0.1310510170194791879083595631527714431285858154296875000
-0.4892633873321867721273292772821150720119476318359375000
-0.4285816337062517411560236268996959552168846130371093750
0.2086447788356408927779028772420133464038372039794921875
0.1993109260061952936471385555705637671053409576416015625
0.3783180965840682308254372401279397308826446533203125000
0.5096710932544721295300860219867900013923645019531250000
0.5787158666601307510646279297361616045236587524414062500
-0.4680513504867145346821644125157035887241363525390625000
0.3055566657798955421121434028464136645197868347167968750
-0.2937820305518025199020826221385505050420761108398437500
-0.0052155300241192104407361718187985388794913887977600098
-0.4669702959443018386309631750918924808502197265625000000
0.1030184212837008672636329720262438058853149414062500000
-0.1324548115764368205748979789859731681644916534423828125
-0.0117021537443860075555779332034944673068821430206298828
0.0375535574752239864615432907157810404896736145019531250
0.0880196570622689411500516598607646301388740539550781250
0.0218152649720234799446405560274797608144581317901611328
0.0238594693979384195325899042927630944177508354187011719
0.0483948638422470045483692047127988189458847045898437500
0.2096560814448108767127365581472986377775669097900390625
0.0724593839375976961347802784985105972737073898315429688
-0.0394038124816919396731229596753109944984316825866699219
-0.1859812899633313809655277282217866741120815277099609375
0.0081056331945177431674842694064864190295338630676269531
0.1595286309371190813788388140892493538558483123779296875
0.1559010006792860558721969255202566273510456085205078125
0.0292993068584593216452383046544127864763140678405761719
0.0501917084112001449236473149539961013942956924438476562
0.1996718892192592964551778322856989689171314239501953125
0.0797749850872652849220756365866691339761018753051757812
-0.4347216177397229541767842420085798949003219604492187500
-0.0568788232951621466892966338946280302479863166809082031
0.4858992951345441069221919860865455120801925659179687500
-1.1119888856491508821733305012458004057407379150390625000
0.2076118679468067496074468181177508085966110229492187500
-0.1772440726396143362286750289058545604348182678222656250
0.8130246138057800608933689545665401965379714965820312500
0.0279843977187009679274964923934021499007940292358398438
-0.0289863499149314689240508613465863163582980632781982422
0.0854359284062403273596331132466730196028947830200195312
-0.3605303876429585274721034693357069045305252075195312500
0.0142243933147332239641524864737220923416316509246826172
0.0545462236314646561896601895114145008847117424011230469
0.1696598944306386691494026308646425604820251464843750000
-0.3101229157251083057289520183985587209463119506835937500
-0.2998063208983645089311664833076065406203269958496093750
0.0926958558793405246190033608399971853941679000854492188
-0.3846608020571278818700022839038865640759468078613281250
-0.0489938733633196038530499549779051449149847030639648438
0.2998183221624522443171656505001010373234748840332031250
0.2136941667043568138240061671240255236625671386718750000
0.0541159646876077440880159485914191463962197303771972656
0.1116628896305379287090531192916387226432561874389648438
0.0471316101507172624529573567997431382536888122558593750
-0.1547642856814475942339726088903262279927730560302734375
-0.0590379570187121033297827921160205733031034469604492188
0.1592681369628233256641181014856556430459022521972656250
-0.1272427323638041507525286988311563618481159210205078125
-0.0284424591455587870425514296357505372725427150726318359
-0.1310210351166262443545207361239590682089328765869140625
-0.0728876411254953393559219421149464324116706848144531250
-0.4055207219871953538969933106272947043180465698242187500
0.1207190656316288329685804114888014737516641616821289062
-0.0353452817961142015668052351884398376569151878356933594
-0.0609734943974522825005379900176194496452808380126953125
0.0105249103095768729854153633596069994382560253143310547
-0.0079158213077300098453603638404274533968418836593627930
0.0505826293690116862711292355925252195447683334350585938
-0.1718295754379161321967472986216307617723941802978515625
-0.2368377652577304259828849808400264009833335876464843750
0.1760564378331974100255763460154412314295768737792968750
0.1942326038806585497553669483750127255916595458984375000
1.2190325871805662849567397643113508820533752441406250000
-0.2981296632471991947532785616203909739851951599121093750
-1.0058517914994087316671311782556585967540740966796875000
-0.3279601680168051092145731217897264286875724792480468750
-0.3392726436592120031754404863022500649094581604003906250
0.6642715551922093730752294504782184958457946777343750000
-0.5059027246495386709312924722325988113880157470703125000
-0.4784648521159505230038178069662535563111305236816406250
-0.1266555894907621382383666741588967852294445037841796875
-0.0115240116755763021688663272357189271133393049240112305
-0.0316684638613098715098637114806479075923562049865722656
0.1210744083922818681298139154023374430835247039794921875
-0.6599239264119611814152221995755098760128021240234375000
0.3229639547765185136896093354152981191873550415039062500
0.2311459132675696137582121991727035492658615112304687500
0.5490531813527365079252717805502470582723617553710937500
0.0324175233224096581707840414310339838266372680664062500
0.3146314518000660198637774556118529289960861206054687500
-0.0331585991061286791681261831854499178007245063781738281
0.4115448759408865675446520526747917756438255310058593750
-0.0354535556275203875276069709343573777005076408386230469
0.0493555541392308033676883383122913073748350143432617188
0.0490578532358386734668620476895739557221531867980957031
0.0148911307189534686257204043613455723971128463745117188
0.0236675963087843999055337462777970358729362487792968750
-0.0544651007879229931418763044348452240228652954101562500
0.0655342537941766833942125458634109236299991607666015625
0.1102883809876229886937082369513518642634153366088867188
0.0812086582404949741675892482817289419472217559814453125
-0.2364147822621145700328071370677207596600055694580078125
0.0216546692554297100230531469833294977433979511260986328
-0.0240936628872591464267660654741121106781065464019775391
0.0334045833048147444710451736682443879544734954833984375
-0.0062825842306274788315323398535383603302761912345886230
-0.0719011961275227567957912810925336088985204696655273438
0.0185281164583124616229703462977340677753090858459472656
-0.0962705328843276031403064507685485295951366424560546875
0.2167008226017448357936245884047821164131164550781250000
0.1162910601003921406970675889169797301292419433593750000
0.2028421899756426560745836695787147618830204010009765625
-0.3474525963151109952953277115739183500409126281738281250
-1.3447484893343857326186707723536528646945953369140625000
-0.4236651781153162876769613376382039859890937805175781250
-0.7706996219362400868391205221996642649173736572265625000
-0.2854335162803764980310461396584287285804748535156250000
0.7653089428968604668312991634593345224857330322265625000
0.4291462526197991622645133702462771907448768615722656250
-0.1611983915766567465599479191951104439795017242431640625
-0.2954834533976634647345349549141246825456619262695312500
-0.0752318721424472952596929076207743491977453231811523438
-0.0325124681653550795523699434852460399270057678222656250
-0.6930681352146477181008776824455708265304565429687500000
-0.4026991895655037678736221096187364310026168823242187500
-0.4614125982097680989113541727419942617416381835937500000
-0.0220940216807311295976745668667717836797237396240234375
-0.1875025328623176890108226189113338477909564971923828125
-0.2546395728361232069225650320731801912188529968261718750
-0.3432193875737482580134951604122761636972427368164062500
-0.4466851854471777238941854193399194628000259399414062500
0.3300696283718707602083952679095091298222541809082031250
-0.0977256759285078380194988767470931634306907653808593750
0.0181833306878432902908837576205769437365233898162841797
0.0269892416385982825133282858587335795164108276367187500
-0.0115170309232863789239420526655521825887262821197509766
-0.0207600905059038068345422800575761357322335243225097656
0.0120460009567977185951370699967810651287436485290527344
0.2018703157160055272623111477514612488448619842529296875
-0.4012445986798371388992734409839613363146781921386718750
0.1966585424524738556772973652186919935047626495361328125
-0.1043877971470712623380805439410323742777109146118164062
-0.0592739783808300599310392442475858842954039573669433594
0.0073350941044834092399917757632010761881247162818908691
-0.0146122672591398276159546654184850922320038080215454102
0.0191721286142839501820400727183368871919810771942138672
-0.0035465487157479470836651813669959665276110172271728516
0.0321794590645315403687476418781443499028682708740234375
0.1104889255971343575701837380620418116450309753417968750
-0.4180018735043907751602887401531916111707687377929687500
0.1201496089936991279456535153258300852030515670776367188
0.0909193691147046484379856678970099892467260360717773438
1.0293335698686396639800477714743465185165405273437500000
-1.4836434131524989243899881330435164272785186767578125000
0.4138618093494711991375822890404378995299339294433593750
-0.3001619909813004749565834572422318160533905029296875000
-0.2810319073724842908745813474524766206741333007812500000
0.6995356974338157174386765291274059563875198364257812500
-0.4010897275641374104537817402160726487636566162109375000
-0.3817717826134459646603147575660841539502143859863281250
-0.3163611055759160128886264828906860202550888061523437500
-0.3584490941206830427745444467291235923767089843750000000
0.2992541715277469149825151362165343016386032104492187500
-0.6716221278573862862870669232506770640611648559570312500
-0.3085074674641091752036459183727856725454330444335937500
0.2361800865213425915101197460899129509925842285156250000
-0.0818812103567662930014847688653389923274517059326171875
0.4840884027890196006360667979606660082936286926269531250
-0.1839464937289062018699326017667772248387336730957031250
0.1507773608693346312215055604610824957489967346191406250
0.2733107383423685754486598398216301575303077697753906250
-0.2168710032661279873966719833333627320826053619384765625
0.1877971793146585854916708058226504363119602203369140625
-0.0699398069765530122632313236863410566002130508422851562
-0.0896002047181837790734704185524606145918369293212890625
-0.0087264588231874603424520486782967054750770330429077148
0.0790829195044033678163586387199757155030965805053710938
-0.0189459886860093781879577079507726011797785758972167969
-0.2792130430202625634983348845707951113581657409667968750
0.3010220373928251813566703276592306792736053466796875000
-0.3133608999632922498257414645195240154862403869628906250
0.0834203526284883478680853841069620102643966674804687500
0.0333578028300972329045492870136513374745845794677734375
0.0848369414976949953732798803685000166296958923339843750
-0.0752116263381977651070187107507081236690282821655273438
-0.0228357918180634548999119459722351166419684886932373047
0.0407801719842992224651645472022210014984011650085449219
-0.0695651368653475987713363792863674461841583251953125000
0.0204634856876035123307566720995964715257287025451660156
0.0316913130931697692438397950809303438290953636169433594
-0.2608285195321462524020716955419629812240600585937500000
-0.1586087951572833776303639297111658379435539245605468750
-0.0973582031017005411488440813627676106989383697509765625
0.9835654576414820660090754245175048708915710449218750000
-0.0780908323622949707143447994894813746213912963867187500
0.0368112933449023377319164751497737597674131393432617188
-0.3946911917048091522630670624494086951017379760742187500
-0.5872109072429096965350936443428508937358856201171875000
-0.8351275158024211719975937739945948123931884765625000000
-0.4686298597800457876871860207756981253623962402343750000
-0.3049303180301688454001407535542966797947883605957031250
-0.1771512454489242160970974282463430427014827728271484375
-0.0069045332859239104406068321395650855265557765960693359
0.3429254535345200305407331597962183877825736999511718750
-0.4850989658590446618191549532639328390359878540039062500
-0.2132210778563823627695938967008260078728199005126953125
-0.4756802036375142317403685865428997203707695007324218750
-0.0133354890239164164400520462550048250705003738403320312
-0.5395637874315147852755103485833387821912765502929687500
-0.4700193725237443165276829404319869354367256164550781250
0.1906656556378689970632223094071378000080585479736328125
-0.3179343795027802510588799123070202767848968505859375000
0.0250771663494314539510909867203736212104558944702148438
-0.0554944799861080140246372138790320605039596557617187500
-0.0456698693366815108851675120149593567475676536560058594
-0.0404639413978280931827313793291978072375059127807617188
-0.0166369915757262620825684962255763821303844451904296875
0.0321901813932208638591170313247857848182320594787597656
-0.0250734010057681866445733476211898960173130035400390625
-0.3938753787231304426263989171275170519948005676269531250
0.3856535776983118224414681662892689928412437438964843750
0.1387103989546019655598740882851416245102882385253906250
0.0221433290488607797952269606867048423737287521362304688
-0.0431128276086308187542428527194715570658445358276367188
0.0115899717429357972109382757253115414641797542572021484
0.0672043528119168204204569860849005635827779769897460938
0.0663504871337986107393547285937529522925615310668945312
0.0126638287480876077228941767316428013145923614501953125
-0.0503201626074554486667267383381840772926807403564453125
0.1450301388194880081172755126317497342824935913085937500
-0.0936585901928807806893217957622255198657512664794921875
-0.0054348654010930213045793557569140830310061573982238770
0.8698634561339875226337881031213328242301940917968750000
-0.2071283820886893889401392243598820641636848449707031250
-0.5459219009961517876661218906519934535026550292968750000
0.9258102963513005212448092606791760772466659545898437500
1.2114963111236163317840919262380339205265045166015625000
0.2601405660057092839032577558100456371903419494628906250
0.0119941802512129186419898019266838673502206802368164062
0.7653729718231182532761636139184702187776565551757812500
0.2887754122081182539538701803394360467791557312011718750
0.3326116098815953825429403423186158761382102966308593750
0.1359876210444022348600157101827790029346942901611328125
0.3087881843267024639665407903521554544568061828613281250
0.1316472363098850073548362615838414058089256286621093750
0.2011640290764503680165375953947659581899642944335937500
0.8021497557218634222309106007742229849100112915039062500
0.0787883331889752264176607354784209746867418289184570312
-0.2237907962058336419630677482928149402141571044921875000
-0.2974758737702830613258697667333763092756271362304687500
-0.0479046132320897835588091595582227455452084541320800781
-0.0829242584070678384611241540369519498199224472045898438
-0.0643718091581431256509304716928454581648111343383789062
-0.0250129915187979195989598224514338653534650802612304688
0.0257883016697616172796525546573320752941071987152099609
0.0356940441340804007208653558791411342099308967590332031
0.0613821382407506097034222136699099792167544364929199219
-0.0005301834097875317503359426929421260865638032555580139
0.1012920380959197869108479039823578204959630966186523438
-0.1331478656149828188048900301510002464056015014648437500
-0.2306089002576195978733153424400370568037033081054687500
0.0247082041525783398239202170998396468348801136016845703
-0.0755266017554288709989762651275668758898973464965820312
-0.0379557411087632287638449213318381225690245628356933594
0.0817038085032160965592851198380230925977230072021484375
0.0552062385207879938175956624490936519578099250793457031
-0.0715877454320568290535575783906097058206796646118164062
0.0824724200450046573962481488706544041633605957031250000
0.0509036095914444305932100576228549471125006675720214844
0.0024202500859671054883603957819104834925383329391479492
-0.1898775025488665391115716829517623409628868103027343750
0.3020908991179347413691402834956534206867218017578125000
1.6252840194428921360980666577233932912349700927734375000
-0.5967225442676482582982089297729544341564178466796875000
-0.8241130283243056631192757777171209454536437988281250000
-0.0878395550268691316375679889461025595664978027343750000
0.9929356867625480642658430951996706426143646240234375000
0.1792471483462084735904795707028824836015701293945312500
0.3923605796376719578866243409720482304692268371582031250
0.2616267462977053814832117950572865083813667297363281250
0.1763288400866859229054739444109145551919937133789062500
0.5635247706005636070258901781926397234201431274414062500
0.4748717532394710616472366382367908954620361328125000000
0.0896955385374121061392571618853253312408924102783203125
0.1407745349419935454449159806245006620883941650390625000
0.1515160205453419950405447025332250632345676422119140625
0.2311535908640381664636009872992872260510921478271484375
0.8644536381036812544564895688381511718034744262695312500
-0.2370918891446384957344406529955449514091014862060546875
0.2678252084072329508579457524319877848029136657714843750
0.1519101852457979962007783569788443855941295623779296875
0.4222863600174064369063842150353593751788139343261718750
-0.0709669505487565827062113044121360871940851211547851562
0.0135028836078460948849633282975446491036564111709594727
0.0961076674465492636345587129653722513467073440551757812
0.0200595450823754621605399250938717159442603588104248047
-0.0775097053774968930417443857550097163766622543334960938
0.0225032855483618225711506255493077333085238933563232422
0.0511016212556725246685118690948002040386199951171875000
0.2944682746153660102272908716258825734257698059082031250
0.0398517127762197942431043884425889700651168823242187500
0.1379133159463519497922590062444214709103107452392578125
-0.0767544511170417803613830187714484054595232009887695312
0.1068845400993423677693527906740200705826282501220703125
0.0770199119133418291793802268330182414501905441284179688
-0.0286133577261493340926357120679313084110617637634277344
-0.0309401051171406052398005215309240156784653663635253906
-0.1072261987720779657928815709055925253778696060180664062
0.1058368072111523366940488699583511333912611007690429688
0.3210597779757384806487152673071250319480895996093750000
0.0129020079626902123282050638408691156655550003051757812
-0.2257207294156838017773480942196329124271869659423828125
-0.5291506203635311100796911887300666421651840209960937500
-1.7967541397629207544639484694926068186759948730468750000
-0.4479854838357968938034048278495902195572853088378906250
-0.2561787470657636567317183562408899888396263122558593750
-0.0447861397952929451982129194220760837197303771972656250
0.7816160404214775869746745229349471628665924072265625000
-0.5782360690355617949265365496103186160326004028320312500
-0.0958655790039307509342592084067291580140590667724609375
-0.1509935633322205261741544290998717769980430603027343750
0.2061633521880659458691553709286381490528583526611328125
-0.2995756395282048178962952533765928819775581359863281250
-0.7041514874856196204433445018366910517215728759765625000
0.0154053956506633501349901038679490739013999700546264648
-0.4607940541109856735779715108947129920125007629394531250
-0.3984698498474589234419340755266603082418441772460937500
0.4246704465881526724402306172123644500970840454101562500
0.3079600719896677385456484898895723745226860046386718750
0.3102978717998124413846028346597449854016304016113281250
0.1381003218056813808267691001674393191933631896972656250
-0.3630718976190331348519180210132617503404617309570312500
0.0546703332321973739515996726368030067533254623413085938
0.0584048472275417313026579790857795160263776779174804688
-0.0467119762480980652008533127172995591536164283752441406
-0.0452986902725966700256066133079002611339092254638671875
0.0497821283757863830565781881887232884764671325683593750
-0.0835277120129720440644405243801884353160858154296875000
0.0265919217384105559254248163369993562810122966766357422
-0.0427236466883455928700286108323780354112386703491210938
-0.2879249390416743770160223903076257556676864624023437500
-0.2570213618343826778023242241033585742115974426269531250
-0.0530603290914090780505674160849594045430421829223632812
0.0523494402143735784727063276022818172350525856018066406
-0.0473248574287406312266490715501277009025216102600097656
-0.0305198713102325068502462812602971098385751247406005859
0.0302336034556304616982558286508719902485609054565429688
-0.0648743788759469641735933009840664453804492950439453125
0.0472025560923918369171659037419885862618684768676757812
0.1148302680524153629448846913874149322509765625000000000
0.2261105903184396082039597786206286400556564331054687500
-0.0396417644100284238817266668775118887424468994140625000
-0.5775850051808820717624826102110091596841812133789062500
0.3277872198636138101335291139548644423484802246093750000
-0.4058534435164753428892936426564119756221771240234375000
0.3914366883046481726537990653014276176691055297851562500
0.9165924896360307938536493566061835736036300659179687500
-0.6016715954115353648390396301692817360162734985351562500
0.0640178841223068006982543920457828789949417114257812500
0.0369989601118192734663381315840524621307849884033203125
0.3400021765786231386918814223463414236903190612792968750
0.0641531198992757178967138997904839925467967987060546875
0.0161342544448324909378555958028300665318965911865234375
-0.0020866463496716073679204672686182675533927977085113525
-0.0387664584350696783676681889119208790361881256103515625
0.2079471978800893627870038926630513742566108703613281250
0.3542157113068847840153807737806346267461776733398437500
-0.4582764745394043992554600208677584305405616760253906250
0.2394432303062638267565631622346700169146060943603515625
0.2375096121595242082413790285499999299645423889160156250
-0.3105362184602694086699159470299491658806800842285156250
0.4403587700751969147283659822278423234820365905761718750
0.1552121929852402493210661305056419223546981811523437500
-0.0676172503652135714613535810713074170053005218505859375
-0.0907988326623584973695813005178933963179588317871093750
-0.0728730492438658117304584038720349781215190887451171875
0.0783155101701122069446370232981280423700809478759765625
-0.0363008322088001211813690360941109247505664825439453125
-0.1046152658244158262235146139573771506547927856445312500
-0.3822275930315658376557053088617976754903793334960937500
-0.3330159665251558598342285222315695136785507202148437500
0.0554339802241511636626825065832235850393772125244140625
0.0301504073430754714058021903611006564460694789886474609
0.0263611070730223710778528101172923925332725048065185547
-0.0417487400407912864763737559314904501661658287048339844
-0.0722072206910025216064497044499148614704608917236328125
0.0266499076640828412576578188009079894982278347015380859
-0.0561586286353340374821740965671779122203588485717773438
0.0667481120321999910061094851698726415634155273437500000
-0.4106081753664198030762122471060138195753097534179687500
0.4035388187118549296883429633453488349914550781250000000
-0.2374040558909447651281254820787580683827400207519531250
-0.1887407242130698103999009163089795038104057312011718750
0.5549772009926053906170295704214368015527725219726562500
-0.5025930413758841197591209493111819028854370117187500000
0.5321094747032713012657723083975724875926971435546875000
-0.0457697496323701824572083296516211703419685363769531250
0.0476508426821021166541747504652448697015643119812011719
-1.2847574709053493080546104465611279010772705078125000000
-0.2985967383893383120252451590204145759344100952148437500
-0.0907141272121041175591216187967802397906780242919921875
-0.0186435093999344179971355828229206963442265987396240234
0.1253755071944465115940658961335429921746253967285156250
0.6163229332759347922632287009037099778652191162109375000
-0.3574825698911047733297152717568678781390190124511718750
0.4163722387096507326909033963602269068360328674316406250
0.3420142540649360185511795862112194299697875976562500000
0.2134716333759180684204181943641742691397666931152343750
-0.4883330664084089001164556975709274411201477050781250000
-0.4731704304358162471721982456074329093098640441894531250
-0.1662927742347991844074073242154554463922977447509765625
-0.3207555893769100108237068980088224634528160095214843750
0.0480993010334304707531494216254941420629620552062988281
-0.0217939725863870378819164841388555942103266716003417969
-0.1484431451325002870866853754705516621470451354980468750
-0.0308022758706789460958486159825042705051600933074951172
0.1218074940940445244352829945455596316605806350708007812
-0.0609847852400876161427234478651371318846940994262695312
-0.1024281769361501392978652802412398159503936767578125000
-0.1770373160740489060227531581404036842286586761474609375
0.1620046032741346009320437815404147841036319732666015625
-0.0703073009272600774055561601016961503773927688598632812
-0.0408055494549703703932586051905673230066895484924316406
-0.0221218967083161299758131690396112389862537384033203125
0.0373342197637704653612189531486365012824535369873046875
0.0167048366750246965461990100720868213102221488952636719
0.0097627645021032567057561735168746963609009981155395508
0.0033276229023720305284783638199996858020313084125518799
0.0503874411210193870469531418621045304462313652038574219
-0.2074176174895023261335325059917522594332695007324218750
0.2645694340346971262789566026185639202594757080078125000
-0.0332224014559318672756837997894763248041272163391113281
0.2307317334134922071076090333008323796093463897705078125
0.4111177784969430870631867946940474212169647216796875000
-0.3613175476471530145339272621640702709555625915527343750
0.2803764261766507059903119625232648104429244995117187500
0.0579104211124061851734268202562816441059112548828125000
-0.1843039348118496734141302795251249335706233978271484375
-0.5324127227673622897441418899688869714736938476562500000
-0.6314162502759933515150692073802929371595382690429687500
0.2647429788466192368545648605504538863897323608398437500
0.1577067831821515886403517470171209424734115600585937500
0.0208535043099489468543250580978565267287194728851318359
0.2683979231382247476744851155672222375869750976562500000
-0.0990747765699558219365528088928840588778257369995117188
-0.1234533295507324462958465005613106768578290939331054688
0.2493712989786802947111965522708487696945667266845703125
0.5939991235907919886471972858998924493789672851562500000
0.1754271145438505985492128047553705982863903045654296875
-0.4546218816972588117053533096623141318559646606445312500
-0.3534279831854882925057381726219318807125091552734375000
-0.1208191008126010962397955950109462719410657882690429688
-0.0065609658088774964329603633927945338655263185501098633
-0.0107996790752313571309928263985966623295098543167114258
0.0431240418839324082811437222062522778287529945373535156
-0.0159791221402831168374447656788106542080640792846679688
0.0489399622417028487553203319748718058690428733825683594
-0.0467060005836175545779198614582128357142210006713867188
0.0953997527041629683752788082529150415211915969848632812
-0.2471140025442374876796236549125751480460166931152343750
0.0756309704146151812187426344280538614839315414428710938
-0.1168386119806906486839892522766604088246822357177734375
0.0157053297981926721915701961052036494947969913482666016
0.0068537379155523886140044531600779009750112891197204590
-0.0001916270530898216964063585088240415643667802214622498
0.0336767310385401724692755465184745844453573226928710938
0.0131660126233532053657837579407896555494517087936401367
0.0340401635080235520636193768950761295855045318603515625
0.0573571725208200725032448019646835746243596076965332031
-0.2217806792351497691129225131589919328689575195312500000
-0.5855427550533749414540807265439070761203765869140625000
0.0991603232390488448233512031038117129355669021606445312
0.7151524590872129216734265355626121163368225097656250000
-0.9887630522697375967666744145390111953020095825195312500
-0.4242802089578351365517505655589047819375991821289062500
0.5454978758214444889418359707633499056100845336914062500
0.1993372355601678025394107862666714936494827270507812500
1.1424323000934708538522954768268391489982604980468750000
-0.2095386025740630375757689307647524401545524597167968750
-0.6427143841754086039941284980159252882003784179687500000
0.4359927253837946325987218187947291880846023559570312500
-0.4162103418469840776516832647757837548851966857910156250
-0.3633645447468586420214364807179663330316543579101562500
-0.1371072481720404523386491746350657194852828979492187500
-0.4681715808360433217494289692695019766688346862792968750
0.2959262187414448130873267928109271451830863952636718750
0.2234299552798982846368858190544415265321731567382812500
0.5655426170450925660304619668750092387199401855468750000
0.0005319080086226728783932449218241345079150050878524780
-0.0511424287655482881498336666936666006222367286682128906
-0.1459331327603326788899806842891848646104335784912109375
0.2289336836908009986668588453539996407926082611083984375
-0.0844323537714360972117333403730299323797225952148437500
0.1415836960970828228845164176163962110877037048339843750
0.0037690054507110376871836798784443089971318840980529785
-0.0677357334593245846710019009151437785476446151733398438
-0.0514994148297754916754342957574408501386642456054687500
-0.0692943696378317403050672851350100245326757431030273438
0.2202387411182995524683292387635447084903717041015625000
-0.0758274990080480132403906168292451184242963790893554688
-0.1424077279423266728652919255182496272027492523193359375
-0.1062958631810069637380067320009402465075254440307617188
0.1380882096864871622088344338408205658197402954101562500
0.0096104247130558585060500220720314246136695146560668945
-0.1169726027500078979759479125277721323072910308837890625
-0.0807910329144003319656874850807071197777986526489257812
0.0697214489651550861637474554299842566251754760742187500
-0.0564277110608092657972889583106734789907932281494140625
-0.0449623584370017967404287162480613915249705314636230469
-0.3028496500100298360891315496701281517744064331054687500
-0.3252056439183216296484602025884669274091720581054687500
-0.0381659418907056638414765359357261331751942634582519531
-0.0167837385586473986087696630420396104454994201660156250
0.2987974516595349183667451598012121394276618957519531250
-0.4260542617334336368273284278984647244215011596679687500
0.0301897270303386582035454210881653125397861003875732422
-0.4258254830512448463331054426816990599036216735839843750
0.0671773630182103537178406327257107477635145187377929688
-0.5469641249300725149851132300682365894317626953125000000
0.2152844370657837624882802174397511407732963562011718750
0.0190681176327698355399409280153122381307184696197509766
-0.2052612528573719841151756781982840038836002349853515625
-0.5478562761876536457705810789775568991899490356445312500
-0.0804120184127023185371996305548236705362796783447265625
-0.0510875992813893467503483236669126199558377265930175781
0.3002186119854458046241063584602670744061470031738281250
-0.3177270628694298659766559467243496328592300415039062500
0.7876900427365056689410494072944857180118560791015625000
-0.8073988634085366156156737815763335675001144409179687500
0.1030205546888412759809483532080776058137416839599609375
0.3225959182691228721573395432642428204417228698730468750
0.2173373079793157469641329271325957961380481719970703125
-0.1109793258520475611739186660997802391648292541503906250
0.0965454253959921321337489530378661584109067916870117188
0.0292152169930793501051446980909531703218817710876464844
-0.0254552632432310139976028295905052800662815570831298828
-0.0577546250689901646824253589329600799828767776489257812
-0.0386731472555763705623022019608470145612955093383789062
0.1549610455572223710607460134269786067306995391845703125
0.0669762274040816285580746125560835935175418853759765625
0.0913651662218735866050067784271959681063890457153320312
-0.1335489045534988816754662366292905062437057495117187500
0.0280511227955726021032756278827946516685187816619873047
-0.0171395626591220769097123621804712456651031970977783203
0.0229591804386968557916137712027193629182875156402587891
0.0470860095174648815574691695928777335211634635925292969
0.0349196702375506665139148765319987433031201362609863281
0.0300629818218386378469997310958206071518361568450927734
0.0429732945093092844057736101603950373828411102294921875
-0.1897612157256826914686342888671788387000560760498046875
-0.3616407398681372731275018850283231586217880249023437500
-0.0796619176321411159857888151236693374812602996826171875
-0.0275245661341833869339978946300107054412364959716796875
0.0192378549961532245571316224186375620774924755096435547
-0.5862083204037777939277020777808502316474914550781250000
0.3631827637187311497157793382939416915178298950195312500
0.0744152713669943982610632815521967131644487380981445312
0.3447125970160854202539724155940348282456398010253906250
-0.0732886707960186123411716607733978889882564544677734375
-0.2312698732701175818871064393533742986619472503662109375
-0.2521602255382604518274547444889321923255920410156250000
0.7689275182300026045822960441000759601593017578125000000
0.4024622096379317226499949811113765463232994079589843750
-0.0787457747135406199712193142659089062362909317016601562
-0.2223303767714033263303008425282314419746398925781250000
-0.2917950026211137970477693670545704662799835205078125000
0.3136447714878508596925144047418143600225448608398437500
-0.3147731568326777029653840145329013466835021972656250000
-0.5190126589208204910264043974166270345449447631835937500
-0.0210868906786080001491967550464323721826076507568359375
-0.2925869506117784180077023847843520343303680419921875000
0.4954248900513898434816439930727938190102577209472656250
0.0732522671446198814226846707242657430469989776611328125
-0.4017529354495737448083048093394609168171882629394531250
-0.3437717255602866228691993910615565255284309387207031250
0.2558679823619482429641891485516680404543876647949218750
0.6187588520366966715613443739130161702632904052734375000
-0.1624323974355047217610348297966993413865566253662109375
-0.1162063734398482151011222640590858645737171173095703125
-0.2224391793637592318333418006659485399723052978515625000
-0.4487247925792773317610340200189966708421707153320312500
-0.3354849660979524195170142775168642401695251464843750000
0.5482800244580748882938792121422011405229568481445312500
0.2688559195549946601033752813236787915229797363281250000
-0.6595435562098082016291300533339381217956542968750000000
0.8006568909861675464867403206881135702133178710937500000
-0.4115834666058290070012049000069964677095413208007812500
0.0041304869539285672674910898649613955058157444000244141
0.0707471662489054103906127579648455139249563217163085938
0.4630396725886425368656773571274243295192718505859375000
-0.4014891330737987984456083268014481291174888610839843750
0.1411965455149989390193354665825609117746353149414062500
-0.2846720150296920825994106962752994149923324584960937500
0.1616038855167251930833316464486415497958660125732421875
-0.4767976137416049531303485764510696753859519958496093750
-0.5384356743014903079469490876363124698400497436523437500
-0.4289892088582850648847966112953145056962966918945312500
0.4348560724353628947902450363471871241927146911621093750
-0.2978964012232411251446251299057621508836746215820312500
0.0355293776375431302749774431504192762076854705810546875
0.3696597265350400340899739148881053552031517028808593750
0.2961647008575780115613440557353897020220756530761718750
0.7244123203070031991046562325209379196166992187500000000
-0.1556837496594894176826784359946032054722309112548828125
-0.3622220352900139550555991263536270707845687866210937500
0.5067490189736149064358983196143526583909988403320312500
-0.7304828274411772071061932365410029888153076171875000000
0.6930980647426402407873524680326227098703384399414062500
0.5184490412207480858342023566365242004394531250000000000
0.1534700772370459487259353181798360310494899749755859375
-0.4662185000241240162566214166872669011354446411132812500
-0.4920601310377752946045859516743803396821022033691406250
-0.5384968457998111635021132315159775316715240478515625000
0.0633383628094775774641789212182629853487014770507812500
0.1207104956784237625999622878225636668503284454345703125
-0.0487267837149157334586391243647085502743721008300781250
-0.0249445641172631460413811055332189425826072692871093750
-0.5251801594968830144694038608577102422714233398437500000
0.2402702443364497231215182182495482265949249267578125000
0.1007351550096677456069826916973397601395845413208007812
0.4056887820782072440195520357519853860139846801757812500
0.1083881237460441737674443629657616838812828063964843750
0.4329947623168413084471239926642738282680511474609375000
0.4591861671484915863317155526601709425449371337890625000
-0.3302633013387045179953815932094585150480270385742187500
-0.3751776176129339446241317546082427725195884704589843750
0.5562203341983892324051907962711993604898452758789062500
-0.0454954536221999841782981377491523744538426399230957031
-0.2696240240938770349465869458072120323777198791503906250
0.0202086539771563176992597021808251156471669673919677734
-0.4316746284337155681321007705264491960406303405761718750
0.2730583332365745241609999993670498952269554138183593750
0.7424831214784042288101773010566830635070800781250000000
0.2101898126059812133004101042388356290757656097412109375
0.0778310477593559674192036368367553222924470901489257812
-0.2765968536934811372596243472798960283398628234863281250
0.0657940619024248024571122073211881797760725021362304688
-0.1525085716386486156537216629658360034227371215820312500
-0.1575494465243724717673501345416298136115074157714843750
0.0989700513690742605943384546662855427712202072143554688
-0.4187679044957826057782313000643625855445861816406250000
0.1326968412134333086260795653288369067013263702392578125
0.9724516712620635550123893153795506805181503295898437500
-0.3087056515547159651902120458544231951236724853515625000
0.0057728373302870861563662607807145832339301705360412598
-0.6236828346677396606168031212291680276393890380859375000
-0.4604404550783654515022647046862402930855751037597656250
-0.6677138729084718393735897734586615115404129028320312500
0.5685110782846379828825433833117131143808364868164062500
-0.1254224820201101930905451808939687907695770263671875000
-0.1334944057831290720184114206858794204890727996826171875
-0.0284112050484920074244765686444225138984620571136474609
0.8013803172821200027087229500466492027044296264648437500
-0.5378612876661854613757896004244685173034667968750000000
-0.1773812076142412264001535504576168023049831390380859375
0.6704815337504295147397215259843505918979644775390625000
0.4852099115564587616944436376797966659069061279296875000
-0.2903415189617543634703622501547215506434440612792968750
0.2132094501891176052676968311061500571668148040771484375
-0.5654985729227441915156759932870045304298400878906250000
-0.3761500177153888624381750105385435745120048522949218750
0.0771133668415676654106505338859278708696365356445312500
0.5989051615984626319999506449676118791103363037109375000
0.3504816697266419089906719364080345258116722106933593750
-0.1528206115031509604307302652159705758094787597656250000
0.4686338203285294046196440831408835947513580322265625000
-0.5118030844654954947259284381289035081863403320312500000
-0.2264430530673666452923242786710034124553203582763671875
-0.5051423997462057835505788716545794159173965454101562500
0.5039436005937029117163206137774977833032608032226562500
0.1455214081382953106302835522001259960234165191650390625
-0.3870831385321444328972972925839712843298912048339843750
0.3167075703603550174136671557789668440818786621093750000
0.6141003098516337743717485864181071519851684570312500000
0.9312048536870831672018766766996122896671295166015625000
0.2322921268093985358582642675173701718449592590332031250
0.2014567891345733774421944417554186657071113586425781250
-0.2238332810051588961375301778389257378876209259033203125
-0.0086607004729868670295234167610942677129060029983520508
0.3562163704063247560149818582431180402636528015136718750
0.0042293922497540102287127972147118271095678210258483887
-0.3024273600572057185686958291626069694757461547851562500
0.9670852980960382705433175942744128406047821044921875000
0.3669387272658263809965717427985509857535362243652343750
-0.0636087134755732863666821685910690575838088989257812500
0.1348969734499600447996670027350774034857749938964843750
-0.3138043804995004348867837506986688822507858276367187500
-0.1574933435822827576533455840035458095371723175048828125
0.2714825013796862140935672869090922176837921142578125000
0.4293531522344109507827170091331936419010162353515625000
-0.4929426841041031348567003078642301261425018310546875000
0.1036402178423466297063626484487031120806932449340820312
-0.2157578623376080750873029501235578209161758422851562500
0.3173686954019172556940020513138733804225921630859375000
0.2061459962847695670529191147579695098102092742919921875
0.2276297027001676076540803705938742496073246002197265625
0.6324731510987884330887709438684396445751190185546875000
-0.1334738618916233021671757796866586431860923767089843750
0.0969418453934884627454238170685130171477794647216796875
-0.5125061415747256265973419431247748434543609619140625000
0.1128943697883234426049270382463873829692602157592773438
0.7654642394530648541461914646788500249385833740234375000
-0.0155890293370394301258885505490070499945431947708129883
-0.1676206178632206611478494551192852668464183807373046875
0.2994564561925416867893545713741332292556762695312500000
-0.1643408798897068312516722699001547880470752716064453125
-0.2128628187879592903453129792978870682418346405029296875
-0.5434405938269037950050233121146447956562042236328125000
0.0070639566075736967901144147674585838103666901588439941
-0.3816019173045905321650650421361206099390983581542968750
-0.3155887553302039738589712669636355713009834289550781250
0.0913160636223948191103616522923402953892946243286132812
0.4825157769857733036644731328124180436134338378906250000
-0.7949802255307804044193176196131389588117599487304687500
-0.0274596764821656361132973245275934459641575813293457031
0.1988906759168830862272159265558002516627311706542968750
0.2375861076673178029494692964362911880016326904296875000
1.0705992905927423919365537585690617561340332031250000000
-0.3535643680234445973553647490916773676872253417968750000
0.4373609886368307053672310757974628359079360961914062500
-0.1489714530822406346466380000492790713906288146972656250
0.4021579004002733825906545916950562968850135803222656250
0.8460981176021696859024245895852800458669662475585937500
-0.8007352115698300742963056109147146344184875488281250000
-0.5452384638254288429237703894614242017269134521484375000
0.5892483441307064806480298102542292326688766479492187500
-0.7160490352119489587678913267154712229967117309570312500
-0.1323714751166632785928101156969205476343631744384765625
0.3533053447115047651649888393876608461141586303710937500
0.4504876394880666379272327048965962603688240051269531250
0.4905463323362824756834754680312471464276313781738281250
0.4304846549792923915411790858343010768294334411621093750
-0.5714244003922455128474666707916185259819030761718750000
-0.6520034876459446238072814594488590955734252929687500000
-0.7098106101653787192162781138904392719268798828125000000
0.1658792068613162418166950828890549018979072570800781250
0.7869851904101442530148347032081801444292068481445312500
-0.6797595890518556283055318090191576629877090454101562500
0.2477002645123874691179821638797875493764877319335937500
0.2647209213492550117230450723582180216908454895019531250
-0.4383979414755277970172642199031542986631393432617187500
-0.4940784926720690473089803163020405918359756469726562500
-0.8385443156874807790757131442660465836524963378906250000
0.5795754692529371254750003572553396224975585937500000000
-0.4802205703583665719058615195535821840167045593261718750
0.0706223866178457559961145761917578056454658508300781250
0.9495963266765207189123998432478401809930801391601562500
0.3993698953353085334683214568940456956624984741210937500
-0.2026021388218209318132778662402415648102760314941406250
0.1212407750789577520755813111463794484734535217285156250
-0.0575125078337909503845004621780390152707695960998535156
0.0125170884871589668113633919688254536595195531845092773
0.4966523832168940888465158423059619963169097900390625000
-0.1640786541376143825576860990622662939131259918212890625
0.2114322162855911679812948023027274757623672485351562500
0.3189333531624150563921205048245610669255256652832031250
-0.1767196019164287423830472789632040075957775115966796875
-0.0308589045925534884162733106904852320440113544464111328
0.2173264712856434188736898249771911650896072387695312500
0.0326461665074424672861042040494794491678476333618164062
0.3976244221683902790864806320314528420567512512207031250
0.4835515291679756688658642360678641125559806823730468750
-0.3404910811340288723236824353080010041594505310058593750
0.2667338159495038496515917358919978141784667968750000000
-0.0434435337268061216864367679590941406786441802978515625
-1.0648191987788535595171879322151653468608856201171875000
-0.5068666121024775206294066265400033444166183471679687500
0.6029112811127356197360427358944434672594070434570312500
-0.4989861031178209893610642211569938808679580688476562500
0.3762956106649815168907480256166309118270874023437500000
0.2274112664418196094739954560282058082520961761474609375
0.2643697812390485846201215736073208972811698913574218750
-0.4918449930274372272620553303568158298730850219726562500
0.1471785248206385898761539010592969134449958801269531250
1.1333248701976827987891738303005695343017578125000000000
0.6816018145487802160076284962997306138277053833007812500
0.9742311471406290834806895873043686151504516601562500000
-0.2761670270939751148375762568321079015731811523437500000
-0.0964713579234354884350821635052852798253297805786132812
-0.1859958654605072259080600360903190448880195617675781250
-0.4244599701954153703198358016379643231630325317382812500
0.8129842466514187737658403420937247574329376220703125000
0.4974019348289355213488249773945426568388938903808593750
0.2553357336520011289238141216628719121217727661132812500
1.0184100579973651701237713496084325015544891357421875000
-0.1756082092917370385265485310810618102550506591796875000
-0.2650199395196919383010936144273728132247924804687500000
0.0720511621920332245849749597255140542984008789062500000
0.4506612650200038094894239293353166431188583374023437500
-0.3595924742227927795035213875962654128670692443847656250
0.1445559323540259455409540123582701198756694793701171875
0.4909587813410727363816477009095251560211181640625000000
-0.0920234697226647302414903606404550373554229736328125000
0.4407348240465954747335786123585421591997146606445312500
0.0729340401454545012027708139612514059990644454956054688
-0.6822976479051618969862147423555143177509307861328125000
0.2595283032759910235576228387799346819519996643066406250
-0.6045931893855184258157464682881254702806472778320312500
0.0331854983038780484982943619343132013455033302307128906
-0.2856874027557274597910463853622786700725555419921875000
0.1668912009934024054391699110055924393236637115478515625
0.6605208169143572671799802265013568103313446044921875000
0.3012730902176872227471449150471016764640808105468750000
0.8167782967290342366339928048546425998210906982421875000
-0.5071076113213002223290004621958360075950622558593750000
0.5685417153606499018891895502747502177953720092773437500
-0.4513166484812357603928489879763219505548477172851562500
0.0204841548712529838982554508675093529745936393737792969
0.2567794613034268813578364643035456538200378417968750000
0.5244580253759824062242955733381677418947219848632812500
-0.3373052477221999412293484965630341321229934692382812500
0.1123531376382654739520816633557842578738927841186523438
0.0973001271381826321471564256171404849737882614135742188
-0.9721459453572489639583409370970912277698516845703125000
-0.5965011218579231444536503659037407487630844116210937500
-0.4926216223152814488450701446708990260958671569824218750
-0.1180704321985564381192190808178565930575132369995117188
0.1980851392902727992062494877245626412332057952880859375
-0.2140908459007775377358484547585248947143554687500000000
-0.3992251478661809627190848459576955065131187438964843750
-0.6185436232123322497500339522957801818847656250000000000
-0.1327650291052160647087276856836979277431964874267578125
0.9978747730823871453509354978450573980808258056640625000
-0.7198470125367444349961942862137220799922943115234375000
-0.8761135809026028287149756579310633242130279541015625000
0.0144661091345291200477296555959583201911300420761108398
-0.6058304715459795763976558191643562167882919311523437500
-0.4423499004005329027222614968195557594299316406250000000
0.5680351587689200787423260408104397356510162353515625000
-0.2395130508995156060070286230256897397339344024658203125
0.1092597044213544088542278132081264629960060119628906250
-0.6304157125232470182396582458750344812870025634765625000
-0.0038869332922685578476929002533779566874727606773376465
-0.6125160758005480099441797392501030117273330688476562500
-0.4175453047408461682010738513781689107418060302734375000
-0.2324121184092969305545750557939754799008369445800781250
0.4922276729354614910327825327840400859713554382324218750
-0.5330779444383850762534393652458675205707550048828125000
0.4518511750353918499101268935191910713911056518554687500
0.1920753025689714843515787379146786406636238098144531250
-0.1562582859182275740739243019561399705708026885986328125
0.4123231215499575941230148146132705733180046081542968750
-0.1382837155744519874733811093392432667315006256103515625
0.1046085901740052559460991687956266105175018310546875000
0.0505260257478159155453134587787644704803824424743652344
-1.3113099521269677705248568599927239120006561279296875000
0.4156358577239614993104055429284926503896713256835937500
0.5718616104716199854962610515940468758344650268554687500
-0.5357642947049314763319216581294313073158264160156250000
0.3958230389649134428609045244229491800069808959960937500
0.4647343591625322511973195105383638292551040649414062500
-0.4246015126711584208862859668442979454994201660156250000
-0.6151518667154134423213918125838972628116607666015625000
-0.3865111545246702751121858909755246713757514953613281250
0.9054868308406394117326954074087552726268768310546875000
0.2760689519961241344958580157253891229629516601562500000
0.3188912108950333612611416356230620294809341430664062500
-0.5978536176536489721300426936068106442689895629882812500
0.0158561307468487282246183411871243151836097240447998047
0.4185368697003531979206059077114332467317581176757812500
-0.5307295562125570187461676141538191586732864379882812500
-0.5678598525610707437039081924012862145900726318359375000
0.0771183380989835243202179526633699424564838409423828125
-0.3048741529342897105259169165947241708636283874511718750
0.0708141413837873046066562210398842580616474151611328125
0.0150479220790712148875245546264522999990731477737426758
-0.0277230460096500562483523566470466903410851955413818359
-0.6160558593029258345197263224690686911344528198242187500
0.2947605193351619523589590698975371196866035461425781250
0.2338448122991702848860740004965919069945812225341796875
0.2544812384244681813250110735680209472775459289550781250
-0.2367372894110253145338873537184554152190685272216796875
0.7371222490464245380437091625935863703489303588867187500
0.0851390070115471686573727083668927662074565887451171875
-0.3764073685206875130582204747042851522564888000488281250
0.2180222834716806779020714657235657796263694763183593750
0.2092932806478273455308425354814971797168254852294921875
0.3698858698537303424380695560103049501776695251464843750
0.0835948090827806633562602200981928035616874694824218750
0.2063142846617526393604435952511266805231571197509765625
-0.3903048623826209650999885525379795581102371215820312500
0.5284375161433918499653827893780544400215148925781250000
1.1364146088395270517423796263756230473518371582031250000
-0.2014697981357477241104447784891817718744277954101562500
0.0594174640637751688698742214000958483666181564331054688
0.6464853687422578154553320928243920207023620605468750000
0.2088043365723306066250586354726692661643028259277343750
0.3178233984793876198970963287138147279620170593261718750
0.6211904557301515250600232320721261203289031982421875000
0.2006813583593745897726279281414463184773921966552734375
0.2323323938391205767395319981005741283297538757324218750
-0.5741125151916265378915227302059065550565719604492187500
-0.0583393857626503115065830229468701872974634170532226562
-0.3114584602966870008344812958966940641403198242187500000
0.4282122653331597583736822798528010025620460510253906250
0.2052144959597870521594842330159735865890979766845703125
0.2064087887753301708837483374736621044576168060302734375
-0.4659933436018691699231908387446310371160507202148437500
0.1514813950060083791449017098784679546952247619628906250
0.3545459768710307324468544720730278640985488891601562500
-0.1795153865712060536896643725413014180958271026611328125
0.4121971316271312302248475134547334164381027221679687500
-0.4219830722265350275712592065247008576989173889160156250
0.4439765735356001608025167115556541830301284790039062500
0.8149968229186380641593245854892302304506301879882812500
0.2559857481642963117351996515935752540826797485351562500
1.0444702673971675288555616134544834494590759277343750000
-0.2496263516009880334411974445174564607441425323486328125
-0.0559931359747473100796355538477655500173568725585937500
-0.3453310482659792124415787384350551292300224304199218750
0.2770242563498446775049899315490620210766792297363281250
-0.0196478413154796485717845655472046928480267524719238281
0.6450125399853486873880115126667078584432601928710937500
-0.2407219017531229687811844542011385783553123474121093750
0.2777343217938521013898878209147369489073753356933593750
0.6205340828095018412824401821126230061054229736328125000
-0.1204571973112067984068573878175811842083930969238281250
0.6196304020115763755427451542345806956291198730468750000
0.3681963676203031665679077377717476338148117065429687500
0.2677508882999479200570647208223817870020866394042968750
-0.4187452045675718048656221981218550354242324829101562500
-0.5203048376083869719366248318692669272422790527343750000
0.9038364833237073625582524982746690511703491210937500000
0.1666028370784460033160456760015222243964672088623046875
0.3569341486014701581019892273616278544068336486816406250
0.4500727559992167559066444937343476340174674987792968750
-0.3971886677438917212512592413986567407846450805664062500
0.3927936826646359347314785281923832371830940246582031250
0.6989045532123647763711460356716997921466827392578125000
0.5522462020228828816215127517352811992168426513671875000
-0.3097588243299739807490311704896157607436180114746093750
-0.1860093278929114690711799084965605288743972778320312500
0.1678788821036507894479683500321698375046253204345703125
0.2957783909187151061281895181309664621949195861816406250
-0.5084732340042260601009616038936655968427658081054687500
-0.2099447022845391530587733086576918140053749084472656250
0.0725634543516780194938320391884190030395984649658203125
0.4411902793405053091468914772121934220194816589355468750
-0.7211667907798222643123153829947113990783691406250000000
-0.4793922110458899710216940093232551589608192443847656250
-0.1858276569020916590968539594541653059422969818115234375
0.5215173793496898912991355246049351990222930908203125000
0.4025106638815926229924002655025105923414230346679687500
0.6028866351816604129965071479091420769691467285156250000
-0.0423952661285757273490482077704655239358544349670410156
0.7076388703693862192167784996854607015848159790039062500
0.1750427795151129339856765909644309431314468383789062500
-0.3496758978176582322028309590677963569760322570800781250
0.4017581502746213617527359929226804524660110473632812500
0.2953655304581314089418242474494036287069320678710937500
0.5529490930493551337221447283809538930654525756835937500
-0.0852136448308647154181727501054410822689533233642578125
0.1958289864674372104946797890079324133694171905517578125
-0.1096692179378154913260701164290367159992456436157226562
0.2277918796111163268758303956929012201726436614990234375
-0.1662555751554731786612251198675949126482009887695312500
-0.2050948750032489387162826233179657720029354095458984375
0.3717963410907044186082259784598136320710182189941406250
-0.7031272121192320145866005987045355141162872314453125000
-0.3039151711277539580358109105873154476284980773925781250
-0.8202730224182885887529437241028062999248504638671875000
0.1249700624843261415053419227660924661904573440551757812
1.5465274977980079107453548203920945525169372558593750000
1.0344042615522797134985921729821711778640747070312500000
-0.2777318676197497171465045084914891049265861511230468750
-0.0853510788269250392223952417225518729537725448608398438
-0.0998396991761031776801971204804431181401014328002929688
-0.2832160089531330915413320781226502731442451477050781250
0.2099813164952669397589346544918953441083431243896484375
-1.0469998713514789834277962654596194624900817871093750000
0.3681539768633267928343855146522400900721549987792968750
-0.7249736947300399192428699279844295233488082885742187500
1.4013069807358304874611576451570726931095123291015625000
-0.5927895507932232632697377994190901517868041992187500000
-1.6738250284430693515247412506141699850559234619140625000
0.6010393964596704163838580825540702790021896362304687500
0.2439348579514598880368936306695104576647281646728515625
0.2254473399587271498223373100699973292648792266845703125
-0.3202475614421272931409134798741433769464492797851562500
0.7667777663816579547528817784041166305541992187500000000
0.0448329925945155360889060602858080528676509857177734375
-0.6804015759098692717188328060728963464498519897460937500
-0.1223210798262041737460847912188910413533449172973632812
-0.1927004558282578994266032168525271117687225341796875000
-1.1972888529688765490988089368329383432865142822265625000
0.1483606420003839854171445722386124543845653533935546875
0.0101651002283582505419934349788491090293973684310913086
-0.2068518542784614777652052453049691393971443176269531250
0.4971524281293443481288818475150037556886672973632812500
0.2028364046910364482112498762944596819579601287841796875
-1.0116560296880288127852054458344355225563049316406250000
-0.5119228927948148433202391061058733612298965454101562500
1.2083233889521070025807603087741881608963012695312500000
0.0797672196477555578431051230836601462215185165405273438
-0.3021516156667715669037477255187695845961570739746093750
-0.5251337119466127356659512770420406013727188110351562500
-0.4782026276218357407898906785703729838132858276367187500
0.0731966308943596821734445256879553198814392089843750000
-0.1126791809705526559159949329114169813692569732666015625
0.1269450105574280451836699512568884529173374176025390625
0.8043780434167391302224814353394322097301483154296875000
-0.1564993084945967560805968332715565338730812072753906250
0.0851409046679976466709405258370679803192615509033203125
-1.2902382302040638073492573312250897288322448730468750000
-0.6422326664207704816078603471396490931510925292968750000
0.2468189735084357905314789149997523054480552673339843750
0.3247043989587746204428242435824358835816383361816406250
-1.1365157841240973723984097887296229600906372070312500000
-0.5489648487546937571934790867089759558439254760742187500
0.2834071054834861880245000520517351105809211730957031250
0.2413448963674038327820170479753869585692882537841796875
0.2476218960130743829139987610687967389822006225585937500
-0.2667875997453044156770829431479796767234802246093750000
0.8947877032416072795584227606013882905244827270507812500
0.5669455383987227481412674023886211216449737548828125000
0.4865606917128939556960176560096442699432373046875000000
-0.4194852532599454564277152712747920304536819458007812500
0.9290154486997780347579123372270260006189346313476562500
-0.4204688862752812839040927883615950122475624084472656250
0.8808581186602876256230842955119442194700241088867187500
-0.0821714408910622501336362688562076073139905929565429688
-0.6380495204453230373431438238185364753007888793945312500
0.1008599189298719223106814979473710991442203521728515625
0.5521816084354245202092670297133736312389373779296875000
0.6842316811575237522902170894667506217956542968750000000
-0.1742207580765481600426625163891003467142581939697265625
-0.1282978333823999173013419294875347986817359924316406250
-0.1755927263247456793227030402704258449375629425048828125
0.5216222035880151430831119796494022011756896972656250000
-0.6180054115738542463986959774047136306762695312500000000
0.6482490513329320913626929723250214010477066040039062500
-0.1137439118497074325153661789045145269483327865600585938
-0.2063498374241298227715901703049894422292709350585937500
0.2698332273734579955792867167474469169974327087402343750
0.5390788141579959669158483848150353878736495971679687500
0.0723028562084834097722918500039668288081884384155273438
0.0914344708492380586761782979010604321956634521484375000
-0.2208550451876229447911725856101838871836662292480468750
0.2896470935944921998306256227806443348526954650878906250
-0.3501724118199027180331484032649314031004905700683593750
0.4160719046701106260677249792934162542223930358886718750
-0.0059538512913404348717016922876155149424448609352111816
0.5497404209066750757628483370353933423757553100585937500
0.0250627587916675206858307944912667153403162956237792969
-0.0390393721668804635771543587452470092102885246276855469
-0.1551307805277736540094934980515972711145877838134765625
-0.1588828418805975639660488241133862175047397613525390625
-0.2575887007012150897722335685102734714746475219726562500
-0.4113136692113856240915481521369656547904014587402343750
-0.0998204688249875460304139096479048021137714385986328125
0.3090900628397384442003215099248336628079414367675781250
-0.3886693135673083276948602815537014976143836975097656250
0.2188214086035652483630542519676964730024337768554687500
-0.2846089164014921624179521586484042927622795104980468750
-0.2423111202583437817636990985192824155092239379882812500
0.2466411492831834806338520138524472713470458984375000000
0.4503301776169338355160220999096054583787918090820312500
-0.4555673951004179933477189479162916541099548339843750000
0.0759595006954921214692433295567752793431282043457031250
-0.3840149915336546482258484047633828595280647277832031250
0.2279293456006183660189634565540472976863384246826171875
-0.1126943464819111506702853375827544368803501129150390625
-0.1471415049062542723667945665511069819331169128417968750
0.3518295593056405268228559179988224059343338012695312500
-0.7121818504830407237093936601013410836458206176757812500
-0.1704513569450505361402292692218907177448272705078125000
-0.0505218233623817153388202427777287084609270095825195312
-0.3844383935165621157814541675179498270153999328613281250
0.6545354476880245186976026161573827266693115234375000000
0.1878853359287044610947958744873176328837871551513671875
-0.0989361764135740645587091535162471700459718704223632812
0.4722046894941979156001821138488594442605972290039062500
1.2776270603503312450754947349196299910545349121093750000
0.3810934881201237245385016194632044062018394470214843750
-0.7757899040394092837757966663048136979341506958007812500
-0.3945253504779622777398628841183381155133247375488281250
1.5484001733766821207183284059283323585987091064453125000
0.4722628218999002092104433359054382890462875366210937500
0.2107814827906088483988611415043123997747898101806640625
0.3136842221158965271499141636013519018888473510742187500
0.5151740143863052789896528338431380689144134521484375000
-0.0815627253778707372866563218849478289484977722167968750
-0.8318206296950525491240568953799083828926086425781250000
-0.2444430665560279880565985877183265984058380126953125000
0.7457605701147643761927952255064155906438827514648437500
0.2285817623645456098113726284282165579497814178466796875
1.1648392864614796060607204708503559231758117675781250000
0.2831143003334621321975816954363835975527763366699218750
-1.1439168844715270623169089958537369966506958007812500000
-0.3531162886006272705330388816946651786565780639648437500
-0.3776602059227121555018413801008136942982673645019531250
-0.1172073623415647580792153803486144170165061950683593750
0.8123480480797978797724567812110763043165206909179687500
0.3680582476546268022588037638342939317226409912109375000
