nn
120,10,10,2
dIn
0
dIntern
,
dOut
,
normP
11.045168087021459,11.045168087021459,10.770404225847285,10.770404225847285,10.770404225847285,10.770404225847285,10.770404225847285,10.770404225847285,10.770404225847285,10.770404225847285,10.770404225847285,10.770404225847285,10.770404225847285,10.770404225847285,10.770404225847285,10.770404225847285,10.770404225847285,10.770404225847285,10.770404225847285,10.770404225847285,10.770404225847285,10.770404225847285,10.770404225847285,10.770404225847285,10.770404225847285,10.770404225847285,10.770404225847285,10.770404225847285,10.770404225847285,10.770404225847285,11.042832037714179,11.042832037714179,11.042832037714179,11.042832037714179,11.042832037714179,11.042832037714179,11.042832037714179,11.042832037714179,11.042832037714179,11.042832037714179,11.042832037714179,11.042832037714179,11.042832037714179,11.042832037714179,11.042832037714179,11.042832037714179,11.042832037714179,11.042832037714179,11.042832037714179,11.042832037714179,11.042832037714179,11.042832037714179,11.042832037714179,11.042832037714179,11.042832037714179,11.042832037714179,11.042832037714179,11.042832037714179,11.042832037714179,11.042832037714179,1.0,1.0,1.0,1.0,1.0,1.0,1.0,1.0,1.0,1.0,1.0,1.0,1.0,1.0,1.0,1.0,1.0,1.0,1.0,1.0,1.0,1.0,1.0,1.0,1.0,1.0,1.0,1.0,1.0,1.0,1.0,1.0,1.0,1.0,1.0,1.0,1.0,1.0,1.0,1.0,1.0,1.0,1.0,1.0,1.0,1.0,1.0,1.0,1.0,1.0,1.0,1.0,1.0,1.0,1.0,1.0,1.0,1.0,1.0,1.0
normY
1.0,1.0
w
0.9051141132143495360296014951018150895833969116210937500
-0.0877062322474872479993734941672300919890403747558593750
-0.3077288388216122272389441150153288617730140686035156250
-0.2826589317330653883253432923083892092108726501464843750
0.1823735207457508611383900642977096140384674072265625000
0.2665157655562887528688520433206576853990554809570312500
-0.0129394604247316611506102290718445146922022104263305664
-1.0829467478913354927527734616887755692005157470703125000
0.5798048175073039489646475885820109397172927856445312500
0.7220753240086713597989387380948755890130996704101562500
-0.0715320573029972761602834907534997910261154174804687500
-0.0095297682959072371744468910037539899349212646484375000
0.0337697354065745539153375887053698534145951271057128906
0.0061124805246698457605880605569836916401982307434082031
0.0893529430813634478747431444389803800731897354125976562
-0.0033553604088321989373788767352380091324448585510253906
-0.0004816294146537539525021465180998347932472825050354004
0.0115081993502881632651657639598852256312966346740722656
-0.1392438108010378983170340916331042535603046417236328125
-0.1328449373205234096406712751559098251163959503173828125
-0.0843471661094614966192040128589724190533161163330078125
0.0109536797953706174779675563968339702114462852478027344
0.0168146991936459974659179295031208312138915061950683594
-0.0343189968329661657109319605751807102933526039123535156
0.2099903834442624905864960282997344620525836944580078125
0.0226517804818793522247943883485277183353900909423828125
-0.0084634414802955311440957331114987027831375598907470703
0.1507532366975664617214647478249389678239822387695312500
-0.1190430407247367872169974134521908126771450042724609375
-0.1575383547345465262701225128694204613566398620605468750
-0.0110592807556220678461000872516706294845789670944213867
0.0055156576096371673356699716350703965872526168823242188
-0.0144485328058452395377786459107483096886426210403442383
-0.0343978113215405306712924016210308764129877090454101562
0.0596490236650732835732569014908222015947103500366210938
0.0252620449028283441950115673080290434882044792175292969
-0.0059891724321716761220146807431774504948407411575317383
0.0458267606763858720286819448119786102324724197387695312
-0.0476064010520142882887384416790155228227376937866210938
-0.0885914762577937608956091253276099450886249542236328125
0.0562998755067503908744441787348478101193904876708984375
-0.0058233258663895753892703055498714093118906021118164062
-0.0418099555375197398654485425595339620485901832580566406
-0.0298482586580028699807520808917615795508027076721191406
-0.2233839959881011860698407645031693391501903533935546875
0.0257145958112563952080442675196536583825945854187011719
-0.0025260624355759944692501051122235367074608802795410156
-0.0894042721149357205723262609353696461766958236694335938
-0.0104634111465466139723190508448169566690921783447265625
-0.1147527705001725739641926793410675600171089172363281250
0.0135018258931451484022856490696540276985615491867065430
0.0013708835132205283990902699997604941017925739288330078
-0.0104403414623849503245489600544715358410030603408813477
-0.0382474228109810424069969769789167912676930427551269531
0.0179586537400050032242670994264699402265250682830810547
0.0301923328832786885822514477695222012698650360107421875
-0.0058856691655997115178444722971562441671267151832580566
0.0198949755509624931493206645427562762051820755004882812
-0.0290330727245293566951556130106837372295558452606201172
0.0029205351571988027309378921358984371181577444076538086
0.0352426484468234130220665178967465180903673171997070312
0.0012607764473038863325266012438419238606002181768417358
-0.0383506879967782585150182228517223848029971122741699219
-0.0358430911417059808177221214009477989748120307922363281
0.1220809708756283584740742753638187423348426818847656250
0.0280153839225695498738044619813081226311624050140380859
-0.0046486501568618861582327106418688345002010464668273926
-0.0281679785216836439665222258099674945697188377380371094
-0.0201347927772781085109521370668517192825675010681152344
-0.1052031039242422583157576809753663837909698486328125000
0.0368460482176968390222171478853852022439241409301757812
-0.0052623390748176516323875162584045028779655694961547852
-0.0284514014812298557388636766063427785411477088928222656
-0.0280308248811934473954110558224783744663000106811523438
0.5060658064465256567032724888122174888849258422851562500
0.0241530562286096095458987065285327844321727752685546875
-0.0027825755282412933944158339727437123656272888183593750
-0.0630230535709263989252448823208396788686513900756835938
-0.0202584549170588684718907757087436039000749588012695312
0.2556920438002329709625826126284664496779441833496093750
0.0284630511137494539297687623502497444860637187957763672
0.0019200362711144533349461038795880085672251880168914795
-0.0285531195871784881923360899236286059021949768066406250
-0.0392617573562826366329048255465750116854906082153320312
0.3215297657253282648248671193869085982441902160644531250
0.0306473531572584827198379997525989892892539501190185547
-0.0055457042867255766996348320674314891221001744270324707
-0.0029902137068571321004695207079748797696083784103393555
-0.0289266643955495353357498800050962017849087715148925781
-0.2356086555480998434575212741037830710411071777343750000
0.0464920487697850770558716249070130288600921630859375000
-0.0056630583195838007232181254835268191527575254440307617
-0.0326266282228150211741635189355292823165655136108398438
-0.0307119757374167967611811036476865410804748535156250000
0.5199178950861415016149180701177101582288742065429687500
0.0264918270887760515241993175550305750221014022827148438
-0.0029374616631169326100292416015236085513606667518615723
-0.0716701063065537380403213774116011336445808410644531250
-0.0140656239475846021186322687412939558271318674087524414
-0.2476625028116985205439704031959990970790386199951171875
0.0346550380054053350220577556228818139061331748962402344
-0.0024840274280341703705410338898218469694256782531738281
-0.0297652781243333587612998059057645150460302829742431641
-0.0250627129809925033865347643313725711777806282043457031
-0.0365770431797361461612183575198287144303321838378906250
0.0205193166699306553391046747947257244959473609924316406
-0.0028538244083527192912486114551029459107667207717895508
-0.0507380324257523593334262557164038298651576042175292969
-0.0136595590312787416864548362127607106231153011322021484
-0.0553736624300164431700110867495823185890913009643554688
0.0124552446897024209071513922708618338219821453094482422
0.0009039083049588655938144654555799206718802452087402344
-0.0251164360658553686977967345228535123169422149658203125
-0.0267413906890636952906614709490895620547235012054443359
0.1341888063488470839157429281840450130403041839599609375
0.0207515735947260172855610704800710664130747318267822266
-0.0037288793530553593011389601485916500678285956382751465
-0.0091804496755911804695138300758117111399769783020019531
-0.0370472136481093394788643990978016518056392669677734375
-0.3099350384567566840665620020445203408598899841308593750
0.0357694931308218944110421944060362875461578369140625000
-0.0096895747961341788245803741119743790477514266967773438
-0.0154649063439682536713615235157703864388167858123779297
-0.0169271720972996864151838281031814403831958770751953125
0.2546145955642813429875559450010769069194793701171875000
0.0170714869129056055763182797591070993803441524505615234
-0.0006811779790431016223806182097177952527999877929687500
-0.0803376724199444391949498367466730996966361999511718750
-0.0118542505615046138423007704432166065089404582977294922
-0.0130020138787171335437164998438674956560134887695312500
-0.0088391858921705243612443325673666549846529960632324219
0.0041919669063833070454805351801041979342699050903320312
-0.0118861192810616675408219578002899652346968650817871094
-0.0266469190384935675219857387219235533848404884338378906
-0.1122939567915405556508545714677893556654453277587890625
0.0194590831137666162020671833943197270855307579040527344
-0.0047417431458847891442842659159850882133468985557556152
0.0360896293018189845414056549088854808360338211059570312
-0.0455035294668720072253087494118517497554421424865722656
-0.2251764236311665778877966204163385555148124694824218750
0.0318507506110434629453820321032253559678792953491210938
-0.0059067156413443776610816549066385050537064671516418457
-0.0325887427003451121687582769936852855607867240905761719
-0.0159553133249294987194843997713178396224975585937500000
0.4358127973180207503922645173588534817099571228027343750
0.0147381911956283098708020418143860297277569770812988281
-0.0006061720416937563943315936398903431836515665054321289
-0.0761362641012028745768347448574786540120840072631835938
-0.0211030169339107703807556504216336179524660110473632812
-0.4093666531699302613134250350412912666797637939453125000
0.0270809066950932625372772122318565379828214645385742188
-0.0027455984361521509895531778511212905868887901306152344
-0.0176045539514875504227831015668925829231739044189453125
-0.0262683225735791288368847773426750791259109973907470703
0.4161361546392506882696693537582177668809890747070312500
0.0220956984137689743663557351283088792115449905395507812
-0.0030611440597420004269824111986508796690031886100769043
-0.0280565059077772793738603240853990428149700164794921875
-0.0165862946913376621549396361388062359765172004699707031
-0.2815538014818110834625031202449463307857513427734375000
0.0232440057828334142864257216842815978452563285827636719
-0.0052108195465065277468541538041790772695094347000122070
-0.0161550438297719256564022316524642519652843475341796875
-0.0209575194455591806708127933234209194779396057128906250
0.1543238828425136655031479904209845699369907379150390625
0.0185099646817523354191958873116163886152207851409912109
-0.0020049678538246063635996918605997052509337663650512695
-0.0437880007009306196352760309764562407508492469787597656
-0.0253326999394680209276575766352834762074053287506103516
-0.0771347771264877246633062668479396961629390716552734375
0.0380519387808583992027777753719419706612825393676757812
-0.0056911790147967985381560751534379960503429174423217773
-0.0259291830628134607750201467979422886855900287628173828
-0.0199662112327712720771799581598315853625535964965820312
0.1349096610293535059010849863625480793416500091552734375
0.0178565212160936050145298992219977662898600101470947266
-0.0015146257474789558139516287837977870367467403411865234
-0.0675326830891886525920497774677642155438661575317382812
-0.0128538440316399403540170709447920671664178371429443359
0.0824075704121624286191405417412170208990573883056640625
-0.0180953687787220422744649539481542888097465038299560547
0.0058492528932984309830711566746686003170907497406005859
-0.0066341551608887971633321534170590894063934683799743652
-0.0265975384361540161115566860416947747580707073211669922
0.0623722436809448915751019626441120635718107223510742188
0.0186491084871687681778773537644156021997332572937011719
-0.0052715955835657074893263462911363603780046105384826660
0.0544061410049253499354726670844684122130274772644042969
-0.0491244247615738802159590647988807177171111106872558594
0.0569817660115978230628286382852820679545402526855468750
0.0380565836958985659332910245211678557097911834716796875
-0.0078379411882888959384185767476083128713071346282958984
-0.0213261315803307677230193917239375878125429153442382812
-0.0125569502418098333240692454637610353529453277587890625
0.0485250447332953999124427468814246822148561477661132812
0.0127133188995651492947391858479022630490362644195556641
-0.0001735950225820698071543812801564854453317821025848389
-0.0828462337730449249750819262771983630955219268798828125
-0.0015628628514314608574653497896633780328556895256042480
0.0802608089743842290086917046210146509110927581787109375
-0.0001674584488828307488050839424431615043431520462036133
0.0020564763624782546672098426654429204063490033149719238
-0.0160816863956738387297917824980686418712139129638671875
-0.0148852740638463123395984766261790355201810598373413086
-0.3535332725248506724469166329072322696447372436523437500
0.0108700706660197678882218141893645224627107381820678711
-0.0023567612452133884087812631946690089534968137741088867
0.0032695474020783951360491492721394024556502699851989746
-0.0262095952979775510816029537863869336433708667755126953
0.1575166158892787604539620360810658894479274749755859375
0.0257165983640105580421142406066792318597435951232910156
-0.0074277232322920404283816964152720174752175807952880859
-0.0110705888461435433822721563501545460894703865051269531
-0.0119025345415174101104671677830992848612368106842041016
0.3556443625813902609245076291699660941958427429199218750
0.0123052838668017815865196595837005588691681623458862305
-0.0002985361735263138312224118209314838168211281299591064
-0.0589351029024823835911206515447702258825302124023437500
-0.0124425696946137646220487127379783487413078546524047852
0.1609021565042482726504147194646066054701805114746093750
-0.0164899629906423358938205581125657772645354270935058594
0.0050927797977871509804703720192264881916344165802001953
-0.0077892152588933272899796023125418287236243486404418945
-0.0172222699748939625519206231274438323453068733215332031
-0.2630590361664136289654436495766276493668556213378906250
0.0112864496450242341590852745980555482674390077590942383
-0.0037305786939622860923226888019144098507240414619445801
0.0401825752479016279350432228056888561695814132690429688
-0.0429373138519457756001607151574717136099934577941894531
0.2378098907667374195540332948439754545688629150390625000
0.0365189606871706151647316573871648870408535003662109375
-0.0059743647107360596526515195137108094058930873870849609
-0.0169912296218209177278701815794192953035235404968261719
-0.0135273272034302054211973853625750052742660045623779297
0.4233259415308553430534743711177725344896316528320312500
0.0130071014875345718209143086596668581478297710418701172
-0.0006266870651094914868028951104861334897577762603759766
-0.0622626216798072840141742290143156424164772033691406250
0.0014049147672230821032313130558577540796250104904174805
-0.1795193309281561955259576279786415398120880126953125000
-0.0049329678098404376729302356352491187863051891326904297
0.0033303333292426799856766894691872948897071182727813721
-0.0121858155443270253087684196202644670847803354263305664
-0.0109034240162121705969289209292583109345287084579467773
0.4890560865260762946071793066948885098099708557128906250
0.0074284793928146349711871820886699424590915441513061523
-0.0018531662831145403330657117635382746811956167221069336
0.0155827030827756108505299792454934504348784685134887695
-0.0173013621820499105541379947226232616230845451354980469
0.0298423509418997978670518023136537522077560424804687500
0.0036478639087495334097921428906374785583466291427612305
-0.0014129413942823403071979981859840336255729198455810547
-0.0039940071029395673996020832419162616133689880371093750
-0.0151528005023063953859985275585131603293120861053466797
0.3972960144171169272198085309355519711971282958984375000
0.0126435136352405844140101009998033987358212471008300781
-0.0020599793672401974301000571188069443451240658760070801
-0.0028212765491201496903528322945930995047092437744140625
-0.0195608974715263707333523512943429523147642612457275391
0.0251935644401508340717299461175571195781230926513671875
0.0331804215954005707334140140574163524433970451354980469
-0.0069641152851885740338033770058245863765478134155273438
-0.0207196809839821222132272282578924205154180526733398438
-0.0097957660345616374281130234180636762175709009170532227
0.2893039829639730831090105311886873096227645874023437500
0.0101908990260463593047202124353134422563016414642333984
0.0000992510137814419865498472006493102526292204856872559
-0.0750995363458299702852372092820587567985057830810546875
-0.0068599554051534551019075891531429078895598649978637695
0.0381916809636690668394720660216989926993846893310546875
0.0063690421128271730577541376305816811509430408477783203
-0.0026444431882890629542659510775592934805899858474731445
-0.0041975176127111869101016239369528193492442369461059570
-0.0123004625836816740280799109541476354934275150299072266
0.1659618070576308335173365549053414724767208099365234375
0.0107055958326189182977516978212406684178858995437622070
-0.0014455126468935616465549820475189335411414504051208496
-0.0150473549749867846481166111516358796507120132446289062
-0.0165300754088220751281124165643632295541465282440185547
0.2144273512535120884692219078715424984693527221679687500
-0.0184899828607841924810184508487509447149932384490966797
0.0046801266657372662602365487316546932561323046684265137
-0.0032494973326762134624434708030094043351709842681884766
-0.0076883281122417587716277864728908753022551536560058594
-0.3028179324059825372472687377012334764003753662109375000
0.0042553070356497347398461172929273743648082017898559570
-0.0019968649288937875135863109221645572688430547714233398
0.0413589062736076096271631286072079092264175415039062500
-0.0311112842417989969578950848472231882624328136444091797
-0.1939055389095479808858613068878185003995895385742187500
0.0206093444996683500258782828495895955711603164672851562
-0.0059510607374314320947017442620108340634033083915710449
-0.0187184258197747380170206099592178361490368843078613281
-0.0057081897922036349546370814778128988109529018402099609
-0.0988649194628839073084591859696956817060708999633789062
0.0067075382176366689715441005148477415787056088447570801
0.0006423650441104815367321378971610101871192455291748047
-0.0599092498543233181740319537311734165996313095092773438
-0.0170674351965234109840263698743001441471278667449951172
-0.1974151785418039872777029586359276436269283294677734375
0.2577858666194959846862388985755387693643569946289062500
-0.0503293690308986990666895167123584542423486709594726562
-0.2398045550952775939457239928742637857794761657714843750
0.4096290799182437658565447691216832026839256286621093750
0.4030174161713230840398125565116060897707939147949218750
-0.3126760464689899432499942122376523911952972412109375000
0.0791114877588964399146576056409685406833887100219726562
-1.0492579677161100182303243855130858719348907470703125000
0.4274431414473773283013713353284401819109916687011718750
0.5934024244105055023723593876638915389776229858398437500
0.0759430146689389906633493865228956565260887145996093750
-0.0294802930263777795971691375598311424255371093750000000
0.0409927907050626691431993720016180304810404777526855469
0.0190865513378463899640813394853466888889670372009277344
0.2970640585803536182218920203013112768530845642089843750
-0.0028861349175880179895870014661340974271297454833984375
0.0072885198797641576051731249208387453109025955200195312
-0.1762751371123361388004724403799627907574176788330078125
0.1028693230770795496997749296497204340994358062744140625
-0.4942210078058971167713764316431479528546333312988281250
-0.0642127190368490530225642487494042143225669860839843750
0.0059231725210477413970378002261440997244790196418762207
0.0588358350325613871367735896455997135490179061889648438
0.0111919242921758414766042477594965021125972270965576172
-0.1590675662237213128236135162296704947948455810546875000
-0.0102811280550236475855863105266507773194462060928344727
-0.0006806261623063768195773803881820640526711940765380859
0.1266537937245776623829129903242574073374271392822265625
0.0142710265153516580732828700206482608336955308914184570
-0.3839833290613574034999544437596341595053672790527343750
-0.0683145905872207803710693951870780438184738159179687500
0.0069809303662477471819070018455022363923490047454833984
0.0510879151090122482492539290888089453801512718200683594
0.0287297519380545728073794720103251165710389614105224609
-0.3012276284513323298952514051052276045083999633789062500
-0.0251822614277942939675636324636798235587775707244873047
0.0018523345204252391130173016620119597064331173896789551
0.1137795174261822944705713211988040711730718612670898438
0.0066401756018818532817382660482508072163909673690795898
-0.3611443383086293534844912755943369120359420776367187500
-0.0404351473692093552059212413496425142511725425720214844
0.0022889953422535898840128876230437526828609406948089600
0.0459993724169855955352659293566830456256866455078125000
0.0205623081489578578284760368433126132003962993621826172
0.0591673738783672978347460968961968319490551948547363281
-0.0171461477593069962221949964487066608853638172149658203
0.0013587387065487873186175882267434644745662808418273926
0.0730457321770427436824490996514214202761650085449218750
0.0087294161992905183744539954204810783267021179199218750
0.0845632126938039851982154004872427321970462799072265625
-0.0668644175643030996836202461963694076985120773315429688
0.0094652528939278210429186799501621862873435020446777344
0.0360509842218006762437632062301418045535683631896972656
0.0328447971773745128754029565243399702012538909912109375
0.0676968023426731818625867731498146895319223403930664062
-0.0295589357783977123295127142910132533870637416839599609
0.0025098619592305096426265720310766482725739479064941406
0.1061761075887745486845403775078011676669120788574218750
0.0053107243475710476376949742416400113143026828765869141
-0.0402952055596232580625404295915359398350119590759277344
-0.0134355967891267476244099299265144509263336658477783203
-0.0037169399210200395819447827250314730918034911155700684
0.0212644801394493015989084483408078085631132125854492188
0.0314199441506415530489526588553417241200804710388183594
0.2280357924668252878053209542486001737415790557861328125
-0.0235635600141811431262883758108728216029703617095947266
0.0049372706936567523766656861994306382257491350173950195
-0.0116593017176811405977154834090470103546977043151855469
0.0187355547466071803430764930453733541071414947509765625
-0.2200898557180950843026323582307668402791023254394531250
-0.0576294947900107476512765458664944162592291831970214844
0.0058121511720237006154432535254272806923836469650268555
0.0329949734370225608581783660611108643934130668640136719
0.0335922007626089647036593532902770675718784332275390625
-0.3282530006668035182926246307033579796552658081054687500
-0.0293011934957163600046214924077503383159637451171875000
0.0029687024190637673407011654092002572724595665931701660
0.0734610509000293010473114918568171560764312744140625000
-0.0011453622822938901160139124613124295137822628021240234
-0.0650484274075318891217278860494843684136867523193359375
-0.0361992900392134955844802846058883005753159523010253906
0.0018470741917166926329696430286730901570990681648254395
0.0279213301647290336460205395496814162470400333404541016
0.0358506972397797593621326939228310948237776756286621094
0.5876301987724901199072746749152429401874542236328125000
-0.0290747537789321254531049731895109289325773715972900391
0.0046080873498970187709944390519467560807242989540100098
0.0341768291965789325348445970575994579121470451354980469
0.0249295085335397223480491391001123702153563499450683594
-0.1556315587792052590465630146354669705033302307128906250
-0.0626626018133950302146928379443124867975711822509765625
0.0082374327140558520343738280189427314326167106628417969
0.0266967077010522996216579372230626177042722702026367188
0.0351642558938481814001519865087175276130437850952148438
-0.3301991456008177006076209636376006528735160827636718750
-0.0314435314891467893039234127172676380723714828491210938
0.0030929111189110002413937827725476381601765751838684082
0.0812617178270466089529122655221726745367050170898437500
-0.0024106391902109858618730164891985623398795723915100098
-0.1928365798554876886505837774166138842701911926269531250
-0.0161646528636318724536646840306275407783687114715576172
-0.0020960857732037867229291094872678513638675212860107422
0.0179830060801563357264498677068331744521856307983398438
0.0283018452696235066345931130626922822557389736175537109
0.5648066515740456372540734264475759118795394897460937500
-0.0217293618187173603883977079931355547159910202026367188
0.0042622437665685514521229926288015121826902031898498535
-0.0054057564554236860188130009419182897545397281646728516
0.0208825806035207242605800104229274438694119453430175781
0.1808457327482453358413749811006709933280944824218750000
-0.0296571053348445232145103034326893975958228111267089844
0.0031811191839632583025498924200746841961517930030822754
0.0287166990923407930424993139695288846269249916076660156
0.0204640570047454339874803963539307005703449249267578125
-0.0543677842090516671991196062663220800459384918212890625
-0.0169192285103222338216166775737292482517659664154052734
0.0021975962969807507664532497670961674884893000125885010
0.0541845435361754529379751943451992701739072799682617188
0.0243582129919158313358096279443998355418443679809570312
-0.2043325252625768362335634265036787837743759155273437500
-0.0715424150322379465150035571241460274904966354370117188
0.0098346902387943090778632537762860010843724012374877930
0.0358055612647394869152428498182416660711169242858886719
0.0233607886216413776492295539810584159567952156066894531
0.0099811769265577866827587882880834513343870639801025391
-0.0223113413616647694726058404057766892947256565093994141
0.0007825697198019427626436428369061104604043066501617432
0.1165249398107370965016471586750412825495004653930664062
-0.0131544487756547739260026830265815078746527433395385742
0.0049617205821299885035169374702945788158103823661804199
0.0020413501332109985908491722739199758507311344146728516
-0.0019898513909853074443923048875149106606841087341308594
0.0089467919792791984756608059115023934282362461090087891
0.0256892606830039609000504441382872755639255046844482422
0.5580605144833779007740304223261773586273193359375000000
-0.0192755242831425879779239096478704595938324928283691406
0.0044855891012806452244898736125833238475024700164794922
-0.0189965342913214381426190158208555658347904682159423828
0.0389019916267748788740732379665132611989974975585937500
-0.1356956251664828139169571841193828731775283813476562500
-0.0579268863515130516539386462682159617543220520019531250
0.0084618223905555556979551923291182902175933122634887695
0.0327990204232139828666170444648741977289319038391113281
0.0165133842040352321611784702781733358278870582580566406
-0.0287940306265512119265892465591605287045240402221679688
-0.0165090514418224330872586591567596769891679286956787109
-0.0000651446776435329194532286578578350599855184555053711
0.1037510094473010485716102380138181615620851516723632812
-0.0147414507317937051866785225229250499978661537170410156
0.1211430265069010359102463780800462700426578521728515625
0.0051744058209976483142522596381240873597562313079833984
-0.0017263982885410672062781456403968149970751255750656128
0.0088288127042713375469684677909754100255668163299560547
0.0223414184837588056242729805944691179320216178894042969
0.0814076138018432343690378161227272357791662216186523438
-0.0172420612090850369768624261723743984475731849670410156
0.0035345587567262269634849047861280268989503383636474609
-0.0193708961926305177347895636330576962791383266448974609
0.0327507767907585511935053546039853245019912719726562500
-0.0736596108165868124206809852694277651607990264892578125
-0.0047241797564169310530424183980358066037297248840332031
0.0011128020199089004582670980880720890127122402191162109
0.0148571010953525168424294022884168953169137239456176758
0.0132137310116874837073730475367483450099825859069824219
0.0982686666576120387839310410527104977518320083618164062
-0.0106792158525506677979599601258087204769253730773925781
0.0015989265270404968283246560645238787401467561721801758
0.0175516081139957952350627579107822384685277938842773438
0.0259072170731685716416059506173041881993412971496582031
-0.2846863876573946794401592796930344775319099426269531250
-0.0232492546250926274131742843565007206052541732788085938
0.0006283108222858969048318922290263799368403851985931396
0.0236728468046143655789670390277024125680327415466308594
0.0239242435038021401816354938318909262306988239288330078
-0.0870037554420721725989551487145945429801940917968750000
-0.0192092087239523132136120864288386655971407890319824219
0.0030061681894444610210759272206360037671402096748352051
0.0249919252309170475401245425928209442645311355590820312
0.0175759588942837885472414427567855454981327056884765625
-0.0954097013054438225498898873411235399544239044189453125
-0.0380531664031374117218575747756403870880603790283203125
0.0085893788003376450590486967939796159043908119201660156
0.0119701769012081696286209364643582375720143318176269531
0.0199524505375559615960590065242286073043942451477050781
0.2660565736698890515476989548915298655629158020019531250
-0.0188297335383165419242512683695167652331292629241943359
0.0016145782806919104467036074623820240958593785762786865
0.0703345818744728762395013177410874050110578536987304688
0.0090401139674819181585307958926023275125771760940551758
-0.3395185367893581163123428723338292911648750305175781250
0.0003952157489105784932137410692121193278580904006958008
-0.0027286382119868978976540141445639164885506033897399902
0.0106269311347030551845316281855957640800625085830688477
0.0238164098313186287092513282459549373015761375427246094
0.3305160661671155963858836912550032138824462890625000000
-0.0178549184355960080528014088940835790708661079406738281
0.0039837795418148375797828819599999405909329652786254883
-0.0217986354772742377261529611587320687249302864074707031
0.0302341397129161568169131157901574624702334403991699219
-0.3137241595956866690997344448987860232591629028320312500
-0.0483665038118180762305442499382479581981897354125976562
0.0071664978635077964883026702125334850279614329338073730
0.0178844296362976537539957178069016663357615470886230469
0.0210497295800265819820662471784089575521647930145263672
0.3439160209317355110236746895679971203207969665527343750
-0.0191194910698463602094498980932257836684584617614746094
0.0018111904472509435942706446098782180342823266983032227
0.0718194790719889342156534439709503203630447387695312500
0.0000276173874632823414948523677026059885974973440170288
-0.1148750651243501674780844723500194959342479705810546875
0.0086363288458637318956157002958207158371806144714355469
-0.0001483167186949992458200320299965824233368039131164551
0.0051100127658599697744179479741433169692754745483398438
0.0082313989221531984330493258994465577416121959686279297
0.0482682947137004700333129392220143927261233329772949219
-0.0063643836212462275708778847160829172935336828231811523
0.0012936498516981729395292077811063791159540414810180664
-0.0042264837932770929485037925132928648963570594787597656
0.0247798869029699636579167076888552401214838027954101562
-0.3579354357351460791392128157895058393478393554687500000
-0.0138785094069600132421493654533151129726320505142211914
0.0015768864577953389631559399930438303272239863872528076
0.0160255004176677873228840098818182013928890228271484375
0.0090163673798588500618578223111398983746767044067382812
0.0621154586567440811228912878050323342904448509216308594
-0.0075854398904294986077934126456057128962129354476928711
0.0008200292076316730363605422837736114161089062690734863
0.0306529849585286465196709571046085329726338386535644531
0.0084860413488094255107796470838366076350212097167968750
-0.2241754460727233555505932827145443297922611236572265625
-0.0085620517247870144700305772289539163466542959213256836
0.0008506989127194967623135646306309354258701205253601074
0.0146222297112833521381958234997000545263290405273437500
0.0080447640529344877774464706021717574913054704666137695
0.2452002500273363638783052920189220458269119262695312500
-0.0063749485665307165094262131788127589970827102661132812
0.0009391906607028035688933265134892280912026762962341309
0.0213615794472728562358732062875787960365414619445800781
0.0200996475570930817344805774382621166296303272247314453
-0.3638546709033461112881013832520693540573120117187500000
-0.0174934448411206318330091136203918722458183765411376953
0.0018285240380502701743048454829931870335713028907775879
0.0189913958576444705239616439484962029382586479187011719
0.0070775622221086083307728387126189772970974445343017578
0.1879884811546058687170557277568150311708450317382812500
-0.0061382884052705536520599949312781973276287317276000977
0.0003080044933580590102439877853157668141648173332214355
0.0385035723963176521045248534846905386075377464294433594
0.0039222382415430492169639009603088197764009237289428711
-0.2240011343030660351249849782107048667967319488525390625
-0.0120125346475094610387834848097554640844464302062988281
0.0031337715848238512778012321291498665232211351394653320
0.0016955870520458209138592309273008140735328197479248047
0.0135788368645874211321222801984731631819158792495727539
0.2054212953610291547690280822280328720808029174804687500
-0.0122182601204668516564622038345078181009739637374877930
0.0014582831883402039979680253622973395977169275283813477
0.0159993694220570137343173655608552508056163787841796875
0.0049316746061240143012005532341390789952129125595092773
-0.0465803649869622748980191317969001829624176025390625000
0.0081516652486752945450110274805410881526768207550048828
-0.0024013105683940872553394640931401227135211229324340820
0.0046362062136746356316718831180878623854368925094604492
0.0179554277556938368665129246437572874128818511962890625
0.1587349611823550554756678820922388695180416107177734375
-0.0131406277239328548450680855808059277478605508804321289
0.0033525691134826656608636241685417189728468656539916992
-0.0249708984237823825025337498573207994922995567321777344
0.0335093103301546332839500053069059504196047782897949219
-0.3404005380118789170218462913908297196030616760253906250
-0.0259737818215506378882739824121017591096460819244384766
0.0075318688713991556807347826918430655496194958686828613
0.0052756614589481217597599638224892260041087865829467773
0.0055409433370618415420905122914518869947642087936401367
0.0863072376086892883995105307803896721452474594116210938
-0.0072724945613842455205411141605509328655898571014404297
-0.0004785959623055790340684367834001022856682538986206055
0.0588236216491773433734380205351044423878192901611328125
0.0009178501961421658798812028834390730480663478374481201
-0.0977656508985380312548585379772703163325786590576171875
0.0098461450982755324007333896929594629909843206405639648
-0.0022156983964821937507783111698245193110778927803039551
0.0059896780089974000632624395734637801069766283035278320
-0.0008554290960740076887880434242106275632977485656738281
0.2474437536320319153126945366238942369818687438964843750
0.0017248109275947217516877785215001495089381933212280273
0.0001682446142818143364205951684198225848376750946044922
-0.0061787443670905722523101211152152245631441473960876465
0.0054242959937566932390740070957235730020329356193542480
-0.0702585521552130248812417789849860128015279769897460938
-0.0224668409842189928382616415092343231663107872009277344
0.0052015357147332510687198769971928413724526762962341309
0.0165681393012596586689078037579747615382075309753417969
0.0053882228603892197427160937195367296226322650909423828
0.2648694385916590676721682484640041366219520568847656250
-0.0059731888169585189984900353010743856430053710937500000
-0.0003818996124193667351942593768399092368781566619873047
0.0569768462372014436456701957922632573172450065612792969
0.0114852779343012321999761837787445983849465847015380859
-0.0548513938274461931854375507100485265254974365234375000
-1.3610661184323462613576793955871835350990295410156250000
0.0185500677963861340669105004508310230448842048645019531
1.1882636812898608180688597713015042245388031005859375000
-0.3307470588593541815924936599913053214550018310546875000
0.2662320884064375281496950265136547386646270751953125000
0.0437805673451686153119233324559900211170315742492675781
2.2916066088426942926048468507360666990280151367187500000
-0.3762742117279304077115398285968694835901260375976562500
-0.5596714314120935229723841075610835105180740356445312500
0.9124636886746260167058153456309810280799865722656250000
-0.5450195580669944250828962140076328068971633911132812500
0.0967686217489813482739435812618467025458812713623046875
0.8884271844105998683360780887596774846315383911132812500
-0.4551024486351128994776615854789270088076591491699218750
0.4552870421414911272783854201406938955187797546386718750
0.0802361583438155334668806517584016546607017517089843750
-0.6004504809641003637565859207825269550085067749023437500
-0.1550292163120533250886268206159002147614955902099609375
-0.5932309808060939326779248403909150511026382446289062500
0.2446683583844082576774781045969575643539428710937500000
-0.4744200123258548451588012540014460682868957519531250000
-0.0419825524066810423784446015815774444490671157836914062
0.0655960543704554172039777881764166522771120071411132812
-0.1375834181573075964966079709483892656862735748291015625
-0.1630626391615041248517314897981123067438602447509765625
0.0363257265219604982831036465995566686615347862243652344
-0.2107105947393995148964052077644737437367439270019531250
-0.0791774388031519227304499963793205097317695617675781250
0.1143201165261252399973912474706594366580247879028320312
0.0582321212353832454167168464209680678322911262512207031
-1.0728281634573135772114937935839407145977020263671875000
0.0007926040750201451823286902254039887338876724243164062
-0.0393260299324928036535098385684250388294458389282226562
-0.3514295423811372165445732207444962114095687866210937500
0.4306756512466946573702841760677983984351158142089843750
0.1979348053871490265009924769401550292968750000000000000
-0.1226229720951750312707417833735235035419464111328125000
-0.2316812245579141782414467343187425285577774047851562500
0.1837300698964204892504881172499153763055801391601562500
0.2103812762048198614639460402031545527279376983642578125
-0.5725497662420367950275590374076273292303085327148437500
0.1734392208738369245413224462026846595108509063720703125
-0.1964307427762546076621674728812649846076965332031250000
0.0992224314791378958489076467230916023254394531250000000
-0.2227559426001492759450428593481774441897869110107421875
-0.1827895824703854033010941293468931689858436584472656250
-0.0770379984513256815814585820589854847639799118041992188
-0.2418065669359507896540861793255317024886608123779296875
-0.6624213996766195045040603872621431946754455566406250000
-0.0666153236176398877432802692055702209472656250000000000
-0.4066516167296559403077083061361918225884437561035156250
-0.0804098774740718003073425279580987989902496337890625000
0.1446428511786723714038771504419855773448944091796875000
-0.0912229696753698304778623651145608164370059967041015625
0.3918965297760804156190772573609137907624244689941406250
0.0453084432822902921644825369185127783566713333129882812
-0.0384380957198291461907047050772234797477722167968750000
-0.3621699029959123405930654371331911534070968627929687500
-0.3099644572940664644100650093605509027838706970214843750
0.6155018966117751233468879945576190948486328125000000000
-0.2743784267319799297091265088965883478522300720214843750
-0.0735223559087788136601204769249306991696357727050781250
-0.3345993316419891838719991028483491390943527221679687500
0.1355170700713130005343742823242791928350925445556640625
0.3174520660778896719023123296210542321205139160156250000
0.0078320633012112922388681113261554855853319168090820312
0.1073394715251182879311997453442018013447523117065429688
-0.6131620386746411410783252904366236180067062377929687500
0.3501302527271948905607246160798240453004837036132812500
0.1816139917100717537934428946755360811948776245117187500
-0.3385776043473153196217140248336363583803176879882812500
-0.2241476757886892434701309184674755670130252838134765625
0.3834699113792381930387875854648882523179054260253906250
-0.0492560887849222070467014589212340069934725761413574219
0.0032570173094163420123015040275049614137969911098480225
0.2630610170683089776844099105801433324813842773437500000
0.1122642968815859010334179401979781687259674072265625000
0.1165458358901670932183947115845512598752975463867187500
0.3411389495649117531428373695234768092632293701171875000
0.1537463322635412577010782797515275888144969940185546875
-0.2519380050009222826723487287381431087851524353027343750
0.3441773350646883944392584453453309834003448486328125000
-0.3303185594035242256261142301809741184115409851074218750
-0.5774875266922582239814687454781960695981979370117187500
-0.1103938557608868387127643018175149336457252502441406250
0.1720072701071155008012425469132722355425357818603515625
-0.2718555916141489059434377395518822595477104187011718750
0.3299109942894008495883895193401258438825607299804687500
-0.2119291836369272263862484351193415932357311248779296875
0.0781449905580343107125429469306254759430885314941406250
-0.5368726258900894388048641303612384945154190063476562500
-0.0093523472036168252274901391274397610686719417572021484
-0.4185270076996289723147981476358836516737937927246093750
0.1205094300258682110671415443903242703527212142944335938
0.3198986847154656198988220694445772096514701843261718750
-0.0612005313866267122713260562250070506706833839416503906
0.0846236364146206870850974723907711450010538101196289062
0.2039669548632055962045228625356685370206832885742187500
-0.0993833866561012746476677648388431407511234283447265625
-0.0776166454013012263590809425295446999371051788330078125
-0.4764904534843905636876115750055760145187377929687500000
-0.1355743787348496209865800210536690428853034973144531250
-0.5082748401540150284816377279639709740877151489257812500
0.1338870870934043555422476856620050966739654541015625000
0.3230864364368777330582815920934081077575683593750000000
0.0920983945262429243294732827962434384971857070922851562
0.1812131940783069938838423240667907521128654479980468750
-0.3639192292519454197119443961128126829862594604492187500
0.0052200632594962556934370390138155926251783967018127441
0.0183127992190022306773222737774631241336464881896972656
0.0995167793735912686869937715528067201375961303710937500
0.2208051436183535720658710488351061940193176269531250000
-0.4605298641762136102606461918185232207179069519042968750
-0.2662768101635881734523536579217761754989624023437500000
-0.0027438297704508768544429120339600558509118854999542236
0.0191625201879755055478504743859957670792937278747558594
-0.1453155339169111825992075637259404174983501434326171875
-0.3829110904036009954687358458613744005560874938964843750
0.4704750098587520690252006261289352551102638244628906250
-0.0511193694786219662851145528748020296916365623474121094
-0.6857760164598120100620803896163124591112136840820312500
0.0341374355524558872887475047264160821214318275451660156
0.0892222706456023695320567412636592052876949310302734375
0.0067500724316103995203963705762362224049866199493408203
-0.0911795844829192264624495578573259990662336349487304688
-0.0485141410966390754233579230003670090809464454650878906
-0.0281489270351153557381262970693569513969123363494873047
-0.0535226037657263106761540427669388009235262870788574219
-0.2709974262258212918119681944517651572823524475097656250
0.2294269019263638631489499175586388446390628814697265625
0.0331719961114138942037676827112591126933693885803222656
-0.0771454266772923086259439173772989306598901748657226562
-0.1690620363273593607100764302231254987418651580810546875
-0.0708004425528994674188254521141061559319496154785156250
0.0389577667575241523567619594814459560438990592956542969
0.1282370894193762267398994936229428276419639587402343750
0.0435371545825276456964658677861734759062528610229492188
0.2725303222994855945060521662526298314332962036132812500
-0.1290164833002856725752138800089596770703792572021484375
-0.4692669851433179384336824568890733644366264343261718750
-0.4602455051991083956330896853614831343293190002441406250
0.1038990264173024202776218771759886294603347778320312500
0.2076368411887925535808108179480768740177154541015625000
0.2095184702968917456189501535845920443534851074218750000
-0.1396462241460837139239714588256902061402797698974609375
-0.3018138401475391474626519539015134796500205993652343750
-0.0609738049941321719193965122940426226705312728881835938
-0.3953021699730916438397798629011958837509155273437500000
0.1805697512289500816784482140064937993884086608886718750
0.1332400955589786439858812627790030092000961303710937500
0.0613965408509143384385708941408665850758552551269531250
-0.1492685997589063839896539320761803537607192993164062500
0.2337859777868998012451129397959448397159576416015625000
0.0462447011550086786724200749176816316321492195129394531
-0.0370670945202205698310038428644475061446428298950195312
0.0676308752402784985058303846017224714159965515136718750
0.0689486403032036898608225783391389995813369750976562500
-0.4001553193184896328737920612184097990393638610839843750
0.0592415944544156941597989884940034244209527969360351562
0.0298479004627862226639578580034140031784772872924804688
-0.6282879852112649432527291537553537636995315551757812500
-0.1230235418501499089494188865501200780272483825683593750
0.1494692998143174189618065383911016397178173065185546875
0.2358040074812829678396752797198132611811161041259765625
0.1272267170583986362064621289391652680933475494384765625
-0.1258669937110189485096611861081328243017196655273437500
0.0582534138379463897750021317278878996148705482482910156
-0.1936925194217188062051349106695852242410182952880859375
-0.2135571943090674995602284980122931301593780517578125000
-0.3586779775881200893472566804121015593409538269042968750
-0.6843077664864772868824616125493776053190231323242187500
0.1046117420713978257706955332650977652519941329956054688
0.2795125232420171967895328180020442232489585876464843750
-0.3298888774154638547919660140905762091279029846191406250
0.0797782271248156232834602974435256328433752059936523438
0.1749954941099306215956943333367235027253627777099609375
-0.1160843233502561328007729457567620556801557540893554688
0.1665273955355342228035198104407754726707935333251953125
0.5022747039658586043486820926773361861705780029296875000
-0.5138170920865168245228460364160127937793731689453125000
0.1513078587445672307243427212597453035414218902587890625
0.0961889557289003632734036841611668933182954788208007812
-0.1023754514976266821735251255631737876683473587036132812
-0.4115921612036734789086267483071424067020416259765625000
0.2958965388882827118877116845396813005208969116210937500
0.2125090595913783075854297521800617687404155731201171875
-0.1385871497028050014499456210614880546927452087402343750
-0.0540994668412350596109483547024865401908755302429199219
0.0552849842982426759041558739227184560149908065795898438
-0.3565915789170349126102621539757819846272468566894531250
-0.4716474539493603068684990375913912430405616760253906250
-0.2245372970059151818134068889776244759559631347656250000
-0.0573808443998831130272719747154042124748229980468750000
-0.1097683643355208266134681593939603772014379501342773438
-0.4118833267273102061167833198851440101861953735351562500
0.3301009288781908135312903596059186384081840515136718750
0.1480324689631597190331291358234011568129062652587890625
0.1546084047053205567934242026240099221467971801757812500
0.2461238485602063319479526626309962011873722076416015625
0.3963245761624302199166436366795096546411514282226562500
-0.0819938496288623586139010512852109968662261962890625000
0.0273841674918709893082890971527376677840948104858398438
-0.2386723752200294312864059520506998524069786071777343750
-0.0354306283789743090006929548962943954393267631530761719
0.4336488921046359190647478953906102105975151062011718750
0.0107090235831052548592934314797275874298065900802612305
-0.0082778997680019936189488305444683646783232688903808594
-0.5385838296889572385239830509817693382501602172851562500
0.6633997074832660434395847914856858551502227783203125000
-0.5676490305846036976689106268167961388826370239257812500
-0.3058179444170776584144277876475825905799865722656250000
-0.1677879756624563734046517993192537687718868255615234375
0.3060368475012962830028584448882611468434333801269531250
-0.1337205680807286578559711642810725606977939605712890625
-0.3905088037987454185895330738276243209838867187500000000
0.2492684982964394058146950783338979817926883697509765625
0.0422600839369917241628016313370608258992433547973632812
0.1645301090106076058461326283577363938093185424804687500
0.0582080275671965352568548723866115324199199676513671875
0.0019364925404622111704266984588684863410890102386474609
-0.7179190655485599981133759683871176093816757202148437500
0.2053419057393708058167902663626591674983501434326171875
-0.5117413046687241395815703981497790664434432983398437500
0.1729891224425707807466068288704263977706432342529296875
-0.3112339843425555585554320714436471462249755859375000000
-0.2654654987094626217292159253702266141772270202636718750
-0.0186292723661645870381065037690859753638505935668945312
0.1335435490340360076277903544905711896717548370361328125
-0.2201978479897948037802279941388405859470367431640625000
0.2999743687212427789567925628944067284464836120605468750
-0.0224298228671331659200838259948795894160866737365722656
-0.0234774500769905532238102097153387148864567279815673828
0.3301693348687724238743612659163773059844970703125000000
-0.3027253816573324818328671881317859515547752380371093750
-0.3569099187462477784649195200472604483366012573242187500
0.2480221766726032894823106289550196379423141479492187500
-0.0568925249859637549576518722460605204105377197265625000
0.2478284337068980269780382741373614408075809478759765625
0.4619443759323297871155489247030345723032951354980468750
0.0229052160033359208934911066535278223454952239990234375
-0.0910811818131675721144091539827059023082256317138671875
0.1266038096165915949331548517875489778816699981689453125
-0.4195257423804320540128287575498688966035842895507812500
0.1266671105734233915285358307301066815853118896484375000
0.1199920332578736786866002717033552471548318862915039062
-0.2238238145328746153683852071480941958725452423095703125
-0.0423898216361345003821980981228989548981189727783203125
-0.4816620899635030705887572821666253730654716491699218750
-0.3736780505791011397498380119941430166363716125488281250
-0.1182043752846326928329645511439593974500894546508789062
-0.2163529976830919909769335163218784146010875701904296875
0.0881548179121171837646642188701662234961986541748046875
-0.0768987381743067993644658031371363904327154159545898438
-0.0296279312472206672601782173614992643706500530242919922
0.0926011355366786470533213559974683448672294616699218750
-0.0524171951191387541779675984798814170062541961669921875
-0.0477346410734472981207687780624837614595890045166015625
-0.2876730604842072658300367038464173674583435058593750000
0.1968564458491827706687615773262223228812217712402343750
-0.1667074600934134454011115167304524220526218414306640625
-0.3566318414570383565909139633731683716177940368652343750
-0.1055995429283724668101385191221197601407766342163085938
-0.2783255044154328006200671552505809813737869262695312500
-0.4253826453444211064258695387252373620867729187011718750
-0.3050027265521396691028144232404883950948715209960937500
0.4569850783118984405284379590739263221621513366699218750
0.0148597017414040036276112743962585227563977241516113281
0.1174283213523983071535639055582578293979167938232421875
-0.1763547249632089475301910397320170886814594268798828125
0.0090475909432022726813782398380681115668267011642456055
-0.0429996353922736385122504998435033485293388366699218750
-0.0711670651338475318548049131095467600971460342407226562
-0.2066359148267127299192225109436549246311187744140625000
-0.0277914088823293901897582003357456414960324764251708984
-0.1535658722884628846205856689266511239111423492431640625
0.0758043515048558991242799720566836185753345489501953125
0.0526292758420412523645559588203468592837452888488769531
-0.0001774871489792261350371127548442018451169133186340332
0.0950084234680825812091597981634549796581268310546875000
-0.4379225806371268014949293956306064501404762268066406250
-0.4779676925756146665946744178654626011848449707031250000
0.1137227108992274332566196903826494235545396804809570312
-0.2822048265473802719505158620449947193264961242675781250
-0.2340988955912696456440613701488473452627658843994140625
-0.1222248821122306206010676987716578878462314605712890625
0.1363396132527731618999666807212634012103080749511718750
-0.0508264950034659768185463235568022355437278747558593750
0.2133810763739175109243717542995000258088111877441406250
-0.0299524728852112141763708308417335501872003078460693359
-0.6279938329724382706231722295342478901147842407226562500
-0.1183437775351699056125553966012375894933938980102539062
-0.1638998159833044143685043536606826819479465484619140625
0.1537787150167619076857050686157890595495700836181640625
-0.2978065549569732795021081983577460050582885742187500000
0.4143165579934811604267963502934435382485389709472656250
0.3677056411733393703755723436188418418169021606445312500
0.0010600522703121352183219805453973094699904322624206543
-0.0570752796386339647516372508562199072912335395812988281
-0.1704283583446755123702587297884747385978698730468750000
-0.5382496871679124383902603767637629061937332153320312500
-0.5045544917847044619207963478402234613895416259765625000
1.0935423763513021366833299907739274203777313232421875000
1.4085580492271763120015748427249491214752197265625000000
2.5965820848512835006260957015911117196083068847656250000
0.1521207568956144950966802298353286460041999816894531250
1.2969513487831469955580132591421715915203094482421875000
0.2766331935654265938850926431769039481878280639648437500
0.2671185711210176672025795596709940582513809204101562500
-0.9952352204706378380194564670091494917869567871093750000
0.4126416219226688442134332035493571311235427856445312500
0.3780214349816611862920012754329945892095565795898437500
0.2013071118678295967630020868455176241695880889892578125
1.0406907306931492129820071568246930837631225585937500000
-0.2673324416323323848843074301839806139469146728515625000
0.3887785235868306266127092385431751608848571777343750000
-0.6294159153702673092922736941545736044645309448242187500
-0.3556536707350573811581284644489642232656478881835937500
0.0106094704392261148656606550844117009546607732772827148
-0.6183779509392707263160104957933072000741958618164062500
1.1372477872639501494944624937488697469234466552734375000
-0.1432156219884536396680374537027091719210147857666015625
0.2071644969361852717248950739303836598992347717285156250
1.0473595118188336883235933782998472452163696289062500000
-0.0829196487473856380656656028804718516767024993896484375
-0.3228652466130452203252332310512429103255271911621093750
-0.3939270582353052718715957780659664422273635864257812500
-0.2337288591243801560981552256635040976107120513916015625
0.2989329897308580785697529336175648495554924011230468750
-1.0241354496200989476761833429918624460697174072265625000
0.0745682455213312334052488949964754283428192138671875000
0.4018503348442031830600740249792579561471939086914062500
-0.0762525772677297292156950447861163411289453506469726562
0.7476639079334627124850953805434983223676681518554687500
0.1791005564471221944700118910986930131912231445312500000
0.4924215645010918129820254307560389861464500427246093750
-0.1291527468954205559725778584834188222885131835937500000
0.0141170841567614391287577291222987696528434753417968750
0.2610256397937124606123404646496055647730827331542968750
-0.9341581872958383270244553386874031275510787963867187500
0.9215135101501441550198023833218030631542205810546875000
-0.3704348130349621182055841472902102395892143249511718750
-0.1006686195847922016266551281660213135182857513427734375
-0.0743824370922321620458461666203220374882221221923828125
-0.2804359261439818840067061955778626725077629089355468750
-0.2117995331788950219564782173620187677443027496337890625
0.2834391738146034289691499452601419761776924133300781250
0.0301618207022720172250096482002845732495188713073730469
0.5239568313229528984109606426500249654054641723632812500
-0.0791969419522529222144058280719036702066659927368164062
0.1588473882818911553371776790299918502569198608398437500
0.3856137486938315261930654287425568327307701110839843750
0.1150722372634785245493205252387269865721464157104492188
-0.1112163159907975235052290940984676126390695571899414062
0.2629219092744344843382009457855019718408584594726562500
0.4453336198156543357384862247272394597530364990234375000
-0.2194334867633715435708552377036539837718009948730468750
0.0405539100954130371512462716054869815707206726074218750
0.4785974838161112798751162245025625452399253845214843750
-0.0055132628799443800585167174688194791087880730628967285
0.0963570720653279394474211017040943261235952377319335938
0.2575112814910481273678044544794829562306404113769531250
-0.0048598313369644444148498507729527773335576057434082031
0.2199162896289807433980456607969244942069053649902343750
-0.2940549440512320034102344834536779671907424926757812500
0.0932571386184132961050252674795046914368867874145507812
0.1516289230443112756585577471923897974193096160888671875
-0.1142532924461832355422785667542484588921070098876953125
0.1247920268909301633186714752810075879096984863281250000
-0.7077135394826798986400717694777995347976684570312500000
0.4025858246111441163250788122240919619798660278320312500
0.2872773288316350925875042321422370150685310363769531250
0.1754094848023824426697103717742720618844032287597656250
-0.3428325230736936068964837431849446147680282592773437500
0.0612896781058038658818176713793945964425802230834960938
0.2305544015158641768525882298490614630281925201416015625
-0.2337931601678122639498269563773646950721740722656250000
-0.0893458678341949169565694433003955055028200149536132812
-0.3558697055154583233083087634440744295716285705566406250
-0.0089744613103204876058960337559256004169583320617675781
0.1424961578557737973405039610952371731400489807128906250
0.3519625233798325814049690052343066781759262084960937500
-0.3241149268538767169722802918840898200869560241699218750
0.1942484920737565234905019906364032067358493804931640625
0.0971088073646974997421565944932808633893728256225585938
-0.2312973315813690311504302599132643081247806549072265625
0.1526948820959052321999394052909337915480136871337890625
0.1633691984661929663680268731695832684636116027832031250
-0.2773767799581413617815428551693912595510482788085937500
-0.8388049659468773677772901464777532964944839477539062500
0.6634277814113029858589243303867988288402557373046875000
0.2140192319680437049722598885637125931680202484130859375
0.1546394600287987752817997488818946294486522674560546875
-0.1130303631091786054074788125944905914366245269775390625
0.4548832084362023353563131422561127692461013793945312500
0.2430044823130616815642923711493494920432567596435546875
-0.4664061092071595249208826317044440656900405883789062500
-0.0101708271812678604367752299708627106156200170516967773
-0.0975695375218359056690431430070020724087953567504882812
-0.3673886071042642975648107039887690916657447814941406250
-0.0922274497687973066062383509233768563717603683471679688
0.4076026714889525170981698920513736084103584289550781250
0.2736263601379625431953002134832786396145820617675781250
-0.0757747006004802770018358160086791031062602996826171875
-0.2288644700989989899664323047545622102916240692138671875
0.4289507465301818922576160275639267638325691223144531250
-0.0686139662671288175221917526869219727814197540283203125
-0.1981050453737251415553544120484730228781700134277343750
0.4791837599341172704292546313808998093008995056152343750
-0.0292192305296062777852927894173262757249176502227783203
0.4043259782282008218956548262212891131639480590820312500
0.5246529355882342260386508314695674926042556762695312500
-0.2645044223937740857088840584765421226620674133300781250
0.3005871289506135690672294913383666425943374633789062500
0.1699099565147964563394111792149487882852554321289062500
0.2000787667913633549598984018302871845662593841552734375
0.0731511129297147677519319586281199008226394653320312500
0.1412770964000219231504473782479180954396724700927734375
-0.1626896248624226659629243840754497796297073364257812500
-0.3128604419844539519246495729021262377500534057617187500
0.2982987907696292850801000895444303750991821289062500000
0.1310459047864833415086849299768800847232341766357421875
-0.0070290375681039476973843704854516545310616493225097656
0.1253491973751479637844141734603908844292163848876953125
0.0970917958631641875300033461826387792825698852539062500
0.3056333027167997817841182950360234826803207397460937500
-0.0559631071296336768394752425592741928994655609130859375
0.0278139876114105594195891058006964158266782760620117188
0.5864211565325531116954493882076349109411239624023437500
-0.1826785429916448488807390049259993247687816619873046875
-0.0099968774265529417727416117145367024932056665420532227
0.4575614500129903672309694684372516348958015441894531250
0.1005757841005233688136399905488360673189163208007812500
0.1024466249270855194852813951911230105906724929809570312
-0.2963249394264353409056411692290566861629486083984375000
0.3134344007314549540588188847323181107640266418457031250
0.1408300246531355437440424793749116361141204833984375000
-0.1171015205441575668388054509705398231744766235351562500
-0.0091207568719079007424355154398654121905565261840820312
-0.5505711995771084277251361527305562049150466918945312500
0.2672121128475991591599836283421609550714492797851562500
0.2513389700436818308126873944274848327040672302246093750
-0.0830444489354140447101570998711395077407360076904296875
-0.4701711856000675981981373752205399796366691589355468750
-0.0396195930965236794984996038238023174926638603210449219
-0.4226499140625241124347155619034310802817344665527343750
0.1375654417749491431610664449181058444082736968994140625
0.0805860237097133225159240055290865711867809295654296875
-0.0515497478179296406142206876666023163124918937683105469
-0.3764886972104309892372953072481323033571243286132812500
0.2741515605672246169710604135616449639201164245605468750
-0.2538483482801835999786987940751714631915092468261718750
0.0110297459594886435724214734932502324227243661880493164
0.0350704246920291173861272682188428007066249847412109375
0.1654686814010159490173634821985615417361259460449218750
0.5398913021929471200976990985509473830461502075195312500
-0.1619096356770870492880476376740261912345886230468750000
-0.0065999299309724111795016909809419303201138973236083984
0.2414294016266056164266018413400161080062389373779296875
-0.5592460859244370308118732282309792935848236083984375000
0.4173589018092668800896660741273080930113792419433593750
0.2666834648484834313642011238698614761233329772949218750
0.1209646094044827674407471818085468839854001998901367188
-0.0552962434181158840607039905989950057119131088256835938
-0.1811736022538349977217819741781568154692649841308593750
0.0027188796869908084252731583774220780469477176666259766
0.0558196580046313034495497618081571999937295913696289062
-0.0734380138707285412547065561739145778119564056396484375
0.1118062877018538708862038788538484368473291397094726562
-0.1971237497572810026813527883859933353960514068603515625
0.4077563202866881786334829484985675662755966186523437500
0.3126910559244145404456105552526423707604408264160156250
-0.1831838795283735610297526363865472376346588134765625000
0.0716664412407312517716562183522910345345735549926757812
0.3974696155704529054730755888158455491065979003906250000
0.5334279150740453001589003179105930030345916748046875000
-0.1801871267774760032587266778136836364865303039550781250
0.1418006625023494893245157300043501891195774078369140625
0.0410713748258511104904933119996712775900959968566894531
-0.6212758506506227407228948322881478816270828247070312500
0.2265073503290033207768772172130411490797996520996093750
0.3577456810959885324940898954082513228058815002441406250
0.0163723319918406828854529067029943689703941345214843750
-0.0739913716041399882605844595673261210322380065917968750
-0.0064649234696004392874968402793456334620714187622070312
-0.3833449074216935259507010869128862395882606506347656250
0.0536845285007176778457882448947202647104859352111816406
0.0403713637254401180864959997052210383117198944091796875
0.4732599909316120845303998976305592805147171020507812500
-0.2784919777093951553936790332954842597246170043945312500
0.3686883835399538678068154240463627502322196960449218750
0.3491785389248568960418594997463515028357505798339843750
0.2331031714243567698474635108141228556632995605468750000
0.1146977427323372239476029221805220004171133041381835938
0.1313219466168830951158241759912925772368907928466796875
0.5501950421056789330975789198419079184532165527343750000
-0.3176336892096988662181900053838035091757774353027343750
-0.1245471507871134253520040147122927010059356689453125000
0.2478308255759122114003645265256636776030063629150390625
-0.0148832691710919333416551779691872070543467998504638672
0.2040534653392204744726257104048272594809532165527343750
0.0143694383707021287183147606469901802483946084976196289
0.0291318887472641167846187926215861807577311992645263672
0.1363819854382969931627656023920280858874320983886718750
0.1391215205846996760818967686645919457077980041503906250
-0.1907582837153710131339323652355233207345008850097656250
-0.1325333950927428672272867515857797116041183471679687500
0.0083423073280524309008887584582225827034562826156616211
0.4129145796279960478614157182164490222930908203125000000
-0.2411029086303501933752357899720664136111736297607421875
-0.5008123124650374347055503676529042422771453857421875000
0.2926648153132814789145754730270709842443466186523437500
0.2046540523203520534067934022459667176008224487304687500
-0.4575218959398503759672394153312779963016510009765625000
0.1903795194461579964873010339942993596196174621582031250
-0.1968043413448037626256592602658201940357685089111328125
-0.2953853026861537611758024013397516682744026184082031250
-0.0234079846028992580309058268994704121723771095275878906
0.1537355584349913706354584519431227818131446838378906250
-0.4082892913853510274968527937744511291384696960449218750
-0.3629722201231786460340345001895911991596221923828125000
0.3606833853090017361076036195299820974469184875488281250
0.0349580180898190970295580370930110802873969078063964844
-0.1800940278451215181831912559573538601398468017578125000
0.0571298332141168332953817809993779519572854042053222656
-0.2269970962104479184073824171719024889171123504638671875
-0.0531775008792774034338535216193122323602437973022460938
0.0157192710045959554987504702694423031061887741088867188
0.0586496800793392392137093338533304631710052490234375000
-0.1030432453291798278183222237203153781592845916748046875
0.2453856814184121326594123502218280918896198272705078125
0.3270664158495107387558675782202044501900672912597656250
-0.1307400170280351991980438697282806970179080963134765625
0.1752864914786975147897862825629999861121177673339843750
0.0242532519143791591709202748461393639445304870605468750
0.2891214738732970634949026589310960844159126281738281250
0.0720884012948677099785754762706346809864044189453125000
0.0411552177367958127440772386762546375393867492675781250
-0.1587543001626717242835695742542156949639320373535156250
-0.1337033855115295488680260405089939013123512268066406250
-0.0445973944337148681116289594683621544390916824340820312
0.1991028519676094343804351183280232362449169158935546875
-0.1849014154778331475714736598092713393270969390869140625
0.4793585139336844491708689020015299320220947265625000000
-0.0191279388475517064804876099515240639448165893554687500
-0.3115204863959680214868797065719263628125190734863281250
0.1368285426137799132284555980731965973973274230957031250
0.0514641723740090206717923138057813048362731933593750000
-0.1181291216868825405539311645952693652361631393432617188
0.3590147654655625464314994133019354194402694702148437500
0.2290135419614071077276662435906473547220230102539062500
0.2614106381793301903115889217588119208812713623046875000
-0.1336987726152448763272673204482998698949813842773437500
-0.2180541168967723986149565007508499547839164733886718750
-0.0280769000048816871895063229658262571319937705993652344
0.5339896271381693315660754706186708062887191772460937500
0.1383034441908352896177802904276177287101745605468750000
0.0713037338480181359656739914498757570981979370117187500
-0.3306254474922445396600778622087091207504272460937500000
0.2054001675558470574323166601971024647355079650878906250
-0.0349478628773217461778166637031972641125321388244628906
0.4809592151177654595350929866981459781527519226074218750
0.0813511704225405307688845368829788640141487121582031250
0.3238931277748450798803503403178183361887931823730468750
0.1387780172098111164391553984387428499758243560791015625
0.4863876903036058463314361688389908522367477416992187500
-0.2370632267210740218299491743891849182546138763427734375
-0.0723856456546552728958943134784931316971778869628906250
-0.1017017833706432561324817243075813166797161102294921875
-0.4357000727463755107571330427163047716021537780761718750
0.3583619623786246100038965778367128223180770874023437500
0.1234106893012791306141195946111110970377922058105468750
0.0612026471444267472499234372662613168358802795410156250
0.3766397217314355616579746310890186578035354614257812500
0.5176791188907035046185001192498020827770233154296875000
-0.2827413808914845949615823883505072444677352905273437500
-0.4643415096865388669300500623648986220359802246093750000
0.0263362999493011000484710137925503659062087535858154297
0.0896263027250682881019727687998965848237276077270507812
-0.1641820073095967280618623362897778861224651336669921875
0.3011927882043516357946089101460529491305351257324218750
0.6375327527705747510111677911481820046901702880859375000
-0.0188714594296615842394793105540884425863623619079589844
-0.2579362989493719227063195376103976741433143615722656250
-0.1167473807153494025357076679938472807407379150390625000
-0.0978419648121283125341562936228001490235328674316406250
0.1013426247414206671226821754316915757954120635986328125
-0.0082162153253420057430478351534475223161280155181884766
-0.3713017363388741443053220336878439411520957946777343750
0.1473986789773882311038732950692065060138702392578125000
-0.4589766007731234109812135102401953190565109252929687500
0.1884452630131306649641231842906563542783260345458984375
0.0167759548630505885002950350326500483788549900054931641
0.4490128193202710393805432431690860539674758911132812500
0.2821759985583084384686003431852441281080245971679687500
0.4887182453232583045910075725259957835078239440917968750
-0.2823417943023123766188575700653018429875373840332031250
0.0065041633509349602165761083938377851154655218124389648
0.0028070343878469671342057445428963546874001622200012207
0.2118420684016862620691057372823706828057765960693359375
-0.0389752745889688223535074484971119090914726257324218750
-0.0473984523420690750938888413656968623399734497070312500
-0.9367773894428065295514329591242130845785140991210937500
-0.6406477359944937610691795271122828125953674316406250000
-0.1742312490545943615138924087659688666462898254394531250
0.6617433644064240061410941962094511836767196655273437500
0.0132609955964198694688960245002817828208208084106445312
-0.1374558797961239753337991942316875793039798736572265625
-0.0728207028642235826287887334729020949453115463256835938
0.6974930157221984616811027990479487925767898559570312500
-1.8946710109690625412071085520437918603420257568359375000
-0.3090556040195489018174157536122947931289672851562500000
0.3087493290627770226031145739398198202252388000488281250
-0.3196998988735560431884152876591542735695838928222656250
0.5991848615932500177194697243976406753063201904296875000
-0.1324351273592220823438481147604761645197868347167968750
0.5336579115027232367296505799458827823400497436523437500
-0.4229842200544850494559057096921605989336967468261718750
0.5013924579960393757005476800259202718734741210937500000
0.0483636154389114336638044733263086527585983276367187500
0.2941161243338626940513336194271687418222427368164062500
-0.0824352403478374184953025860522757284343242645263671875
0.0416657325866712224815557874535443261265754699707031250
-0.2945913653767178175257868133485317230224609375000000000
0.3718619265092988901422188519063638523221015930175781250
-0.1657030285981379580384498240164248272776603698730468750
0.4697977075345822761676117806928232312202453613281250000
0.3900597148483267995189294197189155966043472290039062500
0.9715228569484084530927248124498873949050903320312500000
0.0279417795891347964243323076516389846801757812500000000
0.5129932156086089989344145578797906637191772460937500000
0.0321613772607527367841662169212213484570384025573730469
0.1799304219301134100117423031406360678374767303466796875
-0.1615748870218253196995306097960565239191055297851562500
0.2620668281315923220375907476409338414669036865234375000
-0.1040637443131256778539039942188537679612636566162109375
0.1413219790504005313191981940690311603248119354248046875
-0.0238935923237421667109092737746323109604418277740478516
0.3530433871062610418078975271782837808132171630859375000
-0.3335319323653330170209585503471316769719123840332031250
0.1184504643735271728344216057848825585097074508666992188
-1.1382848509936895897709518976625986397266387939453125000
-0.2649266822355677564182485639321384951472282409667968750
0.1803147684167326625370719739294145256280899047851562500
0.4679222973508134764131227711914107203483581542968750000
-0.1997892632359620779247677546663908287882804870605468750
0.9208758690526817058952246952685527503490447998046875000
-0.7345558111624859165544876304920762777328491210937500000
0.0404981626050072429645609872750355862081050872802734375
-0.2371841278995548418784267141745658591389656066894531250
0.2414610818107071621430037566824466921389102935791015625
0.0370894521959792694554280956253933254629373550415039062
-0.7327239466678115986653097024827729910612106323242187500
0.0488238570516518061159771946222463157027959823608398438
0.3535507370385155279102207259711576625704765319824218750
-0.5357916327529920197392243608192075043916702270507812500
-0.0535737208853344637482507550885202363133430480957031250
-0.0838068632961162102157359754528442863374948501586914062
0.2309877776550774419739298082276945933699607849121093750
0.9677643282153735038164654724823776632547378540039062500
0.1118695603473852662190779483353253453969955444335937500
0.2654175266825823387151217502832878381013870239257812500
-0.7815723139596648660898381422157399356365203857421875000
0.7596096054757934812329267515451647341251373291015625000
-0.4671526340801551158143922748422482982277870178222656250
-0.3886371703699351143335150027269264683127403259277343750
-0.5948867744082805275596115279768127948045730590820312500
-0.3028123820253068587682321322063216939568519592285156250
-0.3612177308618813031948491243383614346385002136230468750
-1.0149177088132323998337369630462490022182464599609375000
0.0737796065518451227305263273592572659254074096679687500
-0.1501797268782562588818052518035983666777610778808593750
0.5455462705295892611445651709800586104393005371093750000
0.4262696888267024641905322823731694370508193969726562500
-0.2330385512405529213619814754565595649182796478271484375
0.7175261295712336284680077369557693600654602050781250000
-0.9042496865037783493335155071690678596496582031250000000
-0.7243481662730986148091005816240794956684112548828125000
0.1919545103561006160752810956182656809687614440917968750
-0.7459176012694884727594057949318084865808486938476562500
0.2244466121265001889995005512901116162538528442382812500
-0.0522225681518130244174180631944182096049189567565917969
-0.0250983162127688709530648480949821532703936100006103516
-0.0185763472558450673521868168336368398740887641906738281
-0.2421869476851293834229750245867762714624404907226562500
-0.0295636054302114009706414776701421942561864852905273438
0.0654511425463188828421934317702834960073232650756835938
0.2585432992175172861593068773800041526556015014648437500
-0.0535789833071379298368164256771706277504563331604003906
-0.0324210551619498951736453307148622116073966026306152344
-0.0534573063073988455351504001100693130865693092346191406
0.1895931866910758878397302851226413622498512268066406250
-0.4537639544418436421402418545767432078719139099121093750
0.1526151733528766096803508389712078496813774108886718750
-0.1574189242574926261841739005831186659634113311767578125
0.3063016685357150548085769514727871865034103393554687500
-0.2618084367657834143905404289398575201630592346191406250
0.0881095061053584621690859535192430485039949417114257812
-0.6510399356291280970054913268540985882282257080078125000
-0.2941332772614433377356135679292492568492889404296875000
-0.2386729105473417711369421567724202759563922882080078125
-0.0891385439455924244445128579172887839376926422119140625
-0.0105103027039429308686635522462893277406692504882812500
0.1079854748980847156669682362917228601872920989990234375
0.0498363708547089750977576727564155589789152145385742188
-0.1383019910117478934452606154081877321004867553710937500
-0.0574010471469440300418263234405458206310868263244628906
-0.1080821415238243793366379463805060368031263351440429688
0.0197213639780242921961672664110665209591388702392578125
-0.0981296858618913858673948880095849744975566864013671875
-0.0160873782919763452792238922484102658927440643310546875
-0.3409513929529517373140379277174361050128936767578125000
-0.2185439219894207973915456477698171511292457580566406250
-0.2583221544507257050327098113484680652618408203125000000
0.3552549381964362207320107245323015376925468444824218750
-0.3809238488716270021328114125935826450586318969726562500
0.5562516430010158163810274345451034605503082275390625000
-0.0617329876525692863853400638163293479010462760925292969
-0.1333115458594187896501637169421883299946784973144531250
0.9692469668595339316041759047948289662599563598632812500
-0.0577964010898200930554935439431574195623397827148437500
-0.3713547121417400953546916753111872822046279907226562500
0.2739872496589501049690795753122074529528617858886718750
0.2997647301426091259735073890624335035681724548339843750
0.5035471784533871453248821126180700957775115966796875000
0.1132631604079892551073527329208445735275745391845703125
1.1957986899591297458300687139853835105895996093750000000
0.5511534460540450375276577688055112957954406738281250000
0.5600080253881598579823730688076466321945190429687500000
0.2980816460358786113005180595791898667812347412109375000
0.3122075057367968975441385737212840467691421508789062500
-0.5966435772259580661014410907228011637926101684570312500
0.3742516800992584657947759296803269535303115844726562500
0.6366731244766922204192383105691988021135330200195312500
0.6279347271576809497162230400135740637779235839843750000
-0.2503879712312416239150536512170219793915748596191406250
-0.3027465839047092099889368910226039588451385498046875000
-0.4266501019835776120636694486165652051568031311035156250
0.0935866103767365731247451776653178967535495758056640625
0.9575897626358284009384647106344345957040786743164062500
1.0101404724790175038151573971845209598541259765625000000
1.1072441858940982317704992965445853769779205322265625000
0.7254266405423261954155123021337203681468963623046875000
