nn
4,10,10,2
dIn
1,2,3,4,5,6,7,8,9,10,11,12,13,14,15,16,17,18,19
dIntern
,
dOut
1,2,3,4,5,6,7,8,9,10,11,12,13,14,15,16,17,18,19
normP
1.609512738275769,1.3412261578679419,1.0,1.0
normY
1.0,1.0
w
0.4544392136042487151392776922875782474875450134277343750
0.0662247454860546425070566556314588524401187896728515625
-0.1560756826211863457221085127457627095282077789306640625
0.0395337065603610787745125776382337789982557296752929688
-0.0368377411494537274072591515050589805468916893005371094
0.2874587786604910211174512824072735384106636047363281250
-0.0863128531981011831719641236304596532136201858520507812
-0.0166265463664526103038099336117738857865333557128906250
-0.0856960006478328512047326626088761258870363235473632812
-0.1617630058068825760209108466369798406958580017089843750
-0.0874614213012782082401486150047276169061660766601562500
0.0451512935878615670470814791315206093713641166687011719
-0.0484890108816160569915609812596812844276428222656250000
0.0449304644045444359634622344401577720418572425842285156
-0.0404337176997600147854150520743132801726460456848144531
-0.1488400152095137318752904320717789232730865478515625000
-0.2297041191405123916613462142777279950678348541259765625
-0.1038510975515362366738969512880430556833744049072265625
-0.0102071859711190329744745497464464278891682624816894531
-0.0307981898510762686083097605660441331565380096435546875
0.3769082748990338349592832400958286598324775695800781250
0.3436502236682073552209715217031771317124366760253906250
0.2958027775580466256499789778899867087602615356445312500
0.2021211237143543393290912035809014923870563507080078125
0.1816228531134886081677137781298370100557804107666015625
-0.5116532215126224913959163131949026137590408325195312500
0.2480943251796197401848331764995236881077289581298828125
0.2505468517723295485133405691158259287476539611816406250
0.0667199968004855703540556532971095293760299682617187500
-0.4021241747462350191177904434880474582314491271972656250
-0.3797596233645127439260136270604562014341354370117187500
0.4973607584747647414324944747932022437453269958496093750
-0.2225889240459997253651636128779500722885131835937500000
0.1580594036711476801926323787483852356672286987304687500
0.3866583780151703342298219467920716851949691772460937500
0.2093125895341495512624874208995606750249862670898437500
0.2722488983796479966592585242324275895953178405761718750
-0.0098654777508867808055725845406414009630680084228515625
0.3940029519422297843433966590964701026678085327148437500
-0.2727117299245261361484438111801864579319953918457031250
-0.1174919139839940424030473309358058031648397445678710938
0.0686207251431233400396081378858070820569992065429687500
-0.3815592166606986967991588244331069290637969970703125000
0.1287514381867834456496524353497079573571681976318359375
-0.1014399529241765407494568762558628804981708526611328125
-0.1813375769888560251619225027752690948545932769775390625
0.1577294495206154056887726255808956921100616455078125000
0.0477977250943651468806372406561422394588589668273925781
0.2641249018808714543737892199715133756399154663085937500
0.0984373346965316947665414204493572469800710678100585938
0.0115492825536248032436414945323122083209455013275146484
-0.0101874405601494050221944576151145156472921371459960938
0.4137886007524237408361500456521753221750259399414062500
-0.0247239854740003948962989710480542271398007869720458984
0.0157193649952473667175123495098887360654771327972412109
-0.1466397577016908260194583135671564377844333648681640625
-0.1351215373885160386802084531154832802712917327880859375
-0.1120049855878823830135360140047851018607616424560546875
-0.1550838315640488407343156040951726026833057403564453125
-0.0704487459518472608488437458618136588484048843383789062
-0.3143320778450918728808005653263535350561141967773437500
-0.0188396032305534859296880512147254194132983684539794922
-0.2646035165373745168260199989163083955645561218261718750
-0.0748884693645934657046936422375438269227743148803710938
-0.0193519447586816550899158073661965318024158477783203125
0.3590497131831529853407403152232291176915168762207031250
-0.0615946479616384379163207540841540321707725524902343750
-0.2543490573159539192005240693106316030025482177734375000
0.4559289270239272884310821609687991440296173095703125000
-0.4211609269097221774913464287237729877233505249023437500
-0.1173900890327939094959219801239669322967529296875000000
0.3536999809496966795663297489227261394262313842773437500
-0.2696219678907373351606224787246901541948318481445312500
-0.1254562586675675717184930135772447101771831512451171875
0.4365890238171639681219460271677235141396522521972656250
-0.4546336084445414815746744352509267628192901611328125000
0.4309871669965955609526986336277332156896591186523437500
-0.3916931038269832465736897120223147794604301452636718750
0.3712199788749057649539508929592557251453399658203125000
0.3288746645471076757161199566326104104518890380859375000
0.0514256600523073301167720217108580982312560081481933594
0.1916861853401043980227314023068174719810485839843750000
0.0308270607455134390550988143786526052281260490417480469
0.0025093727308606338967378324156243252218700945377349854
-0.0062919378935074200126509325059487309772521257400512695
0.2916865605977675413029714945878367871046066284179687500
0.1449023790284821311402652099786791950464248657226562500
0.1491572522941586598221874737646430730819702148437500000
0.3080725239349358934859424152818974107503890991210937500
0.1486111414206842951113429762699524872004985809326171875
-0.1231016822408047134418396240107540506869554519653320312
-0.0649663806704763591159945690378663130104541778564453125
0.2107067947028544163678986933518899604678153991699218750
0.0493870657504977966789638799127715174108743667602539062
-0.0391574675436910171755222620504355290904641151428222656
0.1697350772658147433080699784113676287233829498291015625
-0.0212810228850919998244695108269297634251415729522705078
-0.1003456362471727980612001829285873100161552429199218750
-0.3174080278194832960281246414524503052234649658203125000
-0.0434858185236140920570946377665677573531866073608398438
0.3631332203864188201691831636708229780197143554687500000
-0.4434249966220445982045816890604328364133834838867187500
-0.1232791114489367040318867907444655429571866989135742188
-0.0510733952107536234854556767004396533593535423278808594
0.5640136004109447265264520865457598119974136352539062500
0.4934285741940361846857854288828093558549880981445312500
0.4206334671077251452508960483100963756442070007324218750
0.3267167139825447597090146700793411582708358764648437500
0.2064083746993528034607834342750720679759979248046875000
-0.0043848663364403576286898456260132661554962396621704102
0.2131822963702860174173281393450452014803886413574218750
0.4000247792771883803553123470919672399759292602539062500
0.3473025051203174617953095548728015273809432983398437500
0.3282362903878228710397024769918061792850494384765625000
0.5470764761843387447015629732050001621246337890625000000
-0.4023915232321136903337333023955579847097396850585937500
-0.0026134164874759896121658719891911459853872656822204590
0.3997785615827609828620836651680292561650276184082031250
-0.1871491133501551329398893130928627215325832366943359375
-0.2890978308434037358232160386251052841544151306152343750
0.1095167862007415671143917279550805687904357910156250000
-0.0024569588118689552821982680086421169107779860496520996
-0.0791246159906000418038374277784896548837423324584960938
0.1172684114019101331294336887367535382509231567382812500
-0.1080579558745815987874649977129593025892972946166992188
0.3934519946165337955790164414793252944946289062500000000
0.2320591347611955512775239185430109500885009765625000000
-0.1453569113136946588937803426233585923910140991210937500
-0.3567288512752830320629016114253317937254905700683593750
-0.2902860152801972626335214044956956058740615844726562500
0.0062954449748623990054663401849666115595027804374694824
-0.0481638802873599267129200995896098902449011802673339844
-0.1957132887322884651215559870252036489546298980712890625
-0.0853356768362097256597209593564912211149930953979492188
0.0753903514686870834804466312561999075114727020263671875
-0.1509806843522965291715109970027697272598743438720703125
-0.3476727818248390167177319654001621529459953308105468750
0.1536480422548733293375278208259260281920433044433593750
0.1756311831438562287566185204923385754227638244628906250
0.0895967657065003392213853317116445396095514297485351562
0.0082507152923405949196400399614503839984536170959472656
0.5260025840847561973134816071251407265663146972656250000
0.0272861506262412310819254201987860142253339290618896484
-0.2321928725668613580079835401193122379481792449951171875
0.4816602152646869416940944574889726936817169189453125000
0.0033876794218033775933640594502094245399348437786102295
-0.2008799017954916721340197227618773467838764190673828125
-0.1865315546671952595669807806189055554568767547607421875
-0.3759803584588236047281384344387333840131759643554687500
-0.1795442687587564811746432269501383416354656219482421875
-0.0626394827871589177092914724198635667562484741210937500
-0.0605153963748364248642630514041229616850614547729492188
0.4602498743798379421399147304327925667166709899902343750
0.7991412255001814068933185808418784290552139282226562500
0.4791810732156655538993561549432342872023582458496093750
0.1536927360550856269671982090585515834391117095947265625
-0.4685519625265063825558797816484002396464347839355468750
-0.1233264198278011952725208288939029444009065628051757812
0.2567596717592758870374325397278880700469017028808593750
-0.4668703589553471755557723099627764895558357238769531250
-0.2516441192480880495452311151893809437751770019531250000
0.0616510266445658913769811704241874394938349723815917969
-0.1805841081005900294886856727316626347601413726806640625
-0.0211026502204355627390075511584655032493174076080322266
0.0134230771057928053441310467519542726222425699234008789
-0.4510305339995442919232004896912258118391036987304687500
0.0157641920699190252186383531807223334908485412597656250
0.0749557274939078588271712533241952769458293914794921875
0.1126620407420651504004638354672351852059364318847656250
0.0858938836076586498258222945878515020012855529785156250
0.1564026272188515642724837562127504497766494750976562500
0.1101405957825284942508403673855355009436607360839843750
-0.1711960053693246663897298276424407958984375000000000000
0.0481908823426373533749256239389069378376007080078125000
-0.0412237563513196611508782041255471995100378990173339844
-0.1543282182450073647395072384824743494391441345214843750
0.0448395202147456248265022793475509388372302055358886719
-0.1742789462223087171288682384329149499535560607910156250
-0.1866578531983076882916350314189912751317024230957031250
-0.0378621140959866098185671035025734454393386840820312500
0.3829578480524085115632715314859524369239807128906250000
-0.0792343305792448659996551896256278268992900848388671875
0.0590499019682232464956150863599759759381413459777832031
0.3191863738836139274823722189466934651136398315429687500
0.3087480423250482663988236708974000066518783569335937500
-0.4495650086412600887619817058293847367167472839355468750
0.0153347376669823280692650513401531497947871685028076172
0.2587202257446934994256082518404582515358924865722656250
-0.1364250026163804085932440557371592149138450622558593750
-0.3739768570413309900501985794107895344495773315429687500
0.3985864049808235387573063235322479158639907836914062500
-0.0801355321256206343250028112379368394613265991210937500
-0.1383822694642435902068200448411516845226287841796875000
-0.3732201878019605345571108045987784862518310546875000000
0.0774800214325027103434706532425479963421821594238281250
-0.2810139126229735939688225698773749172687530517578125000
0.1770685649478046519433860339631792157888412475585937500
0.2687970941351446318989815154054667800664901733398437500
-0.3253053328053402970532204108167206868529319763183593750
-0.3136296034995660897415348244976485148072242736816406250
0.1394840076407296292071436027981690131127834320068359375
-0.1136704323285532003406927969990647397935390472412109375
0.1417978860475458402490289699926506727933883666992187500
-0.0252420808774363146509411848228410235606133937835693359
0.0271493948798283840639911090875102672725915908813476562
0.3052018881221543744608482029434526339173316955566406250
-0.2261153493734956720917494976674788631498813629150390625
0.1060783307195459906902001989692507777363061904907226562
0.0487782992089774297683746340226207394152879714965820312
-0.0123319022967685529290626789133966667577624320983886719
-0.0213879232799762224181971959069414879195392131805419922
0.0154722117493303612523192214212031103670597076416015625
-0.2048528482443561227199779750662855803966522216796875000
-0.1147888916647201162923863648757105693221092224121093750
0.0981614043675353431517294211516855284571647644042968750
-0.4129931476067549844799486891133710741996765136718750000
-0.0053663986575156587613411041104427567915990948677062988
0.0003707694365660254773309212339427176630124449729919434
-0.0374475259393238918415036664555373135954141616821289062
0.1106531211886385146492273179319454357028007507324218750
0.1487661751641770058185443303955253213644027709960937500
-0.2555321719539185298941674773232080042362213134765625000
0.4370102030496770817435958633723203092813491821289062500
-0.0508961517794350934429381538848247146233916282653808594
0.2086294096588119095780911038673366419970989227294921875
-0.3935023000367513512642858586332295089960098266601562500
0.0637475109572235992816402472271875012665987014770507812
-0.1679037631198374846963616846551303751766681671142578125
-0.1676325011932073005826993039590888656675815582275390625
0.3962928469902317063500163385469932109117507934570312500
0.2624997365141089611384472846111748367547988891601562500
-0.1241029025480600150865839736979978624731302261352539062
0.0949674026131547416307299158688692841678857803344726562
0.2889494820255840701328509112499887123703956604003906250
-0.3981379967632565630708540993509814143180847167968750000
-0.1922034783614179065391880385504919104278087615966796875
0.3153979172762820248898663066938752308487892150878906250
-0.1184787809826941262780763963746721856296062469482421875
0.0070646387999134729537842325441943103214725852012634277
-0.3631754196984295912642437542672269046306610107421875000
-0.0185089556971708320276537307336184312589466571807861328
-0.1114402202632518573688358287654409650713205337524414062
-0.0677193929581623443869631273628328926861286163330078125
-0.0218463627221352207907756337590399198234081268310546875
0.0259460487269607097127188666263464256189763545989990234
-0.2099338844661104430677767140878131613135337829589843750
0.0475060238854290578514039111723832320421934127807617188
0.0695154681805216501100375126043218187987804412841796875
0.2326548732140804320867033538888790644705295562744140625
0.0396249798964437849324582430199370719492435455322265625
0.0212492516257609710683684767218437627889215946197509766
-0.1417392136096681243273565087292809039354324340820312500
-0.0180617753012385744149082000831185723654925823211669922
-0.0288606652998843471458201292989542707800865173339843750
0.0227285255067220352820367423873904044739902019500732422
-0.1846515859795142266985834567094570957124233245849609375
0.3146976474141531809891603188589215278625488281250000000
-0.2847874839565138205266237036994425579905509948730468750
-0.4386910577597736837773823026509489864110946655273437500
-0.2197512006058103817274229641043348237872123718261718750
-0.3036455058588691247045687759964494034647941589355468750
-0.3076448438182660116702038521907525137066841125488281250
0.2930379144184420137086988233932061120867729187011718750
0.0249591348574098072232718692475827992893755435943603516
-0.0002046596826799985707930062961423800516058690845966339
-0.4063713177221979222508707607630640268325805664062500000
-0.3645695926177445755911321612074971199035644531250000000
0.2780407189905260145756926704052602872252464294433593750
0.1275128439896278664811291037040064111351966857910156250
0.1262943607793443889786288991672336123883724212646484375
0.1345905753169150953496568945411127060651779174804687500
-0.0095460038084058118634800393920158967375755310058593750
-0.1983272166685331738822384295417577959597110748291015625
-0.1247065491400794756682302022454678080976009368896484375
-0.1856386162635242365048782176017994061112403869628906250
0.3282919519953671483314394663466373458504676818847656250
0.1688903375410719109872559329232899472117424011230468750
-0.2708886705229808788963907772995298728346824645996093750
0.2875700886512360665570042783656390383839607238769531250
0.0603530167490188354517677282728982390835881233215332031
0.1495824961091447857786107533684116788208484649658203125
-0.0802006013897426095482501295919064432382583618164062500
-0.3409300564866083460557888429320883005857467651367187500
-0.1052220747144793078220459392468910664319992065429687500
0.0992045682030432418585519371845293790102005004882812500
0.1834210204878388983384951416155672632157802581787109375
0.0543754638713624532941892653070681262761354446411132812
-0.0027986507824431005111986969779991341056302189826965332
0.1789198734459190864853894709085579961538314819335937500
0.0934128438534209404320307612579199485480785369873046875
0.0100070607842433420553440726052940590307116508483886719
0.0547393104171109839972686472719942685216665267944335938
0.0902957216472868307022281442186795175075531005859375000
0.1371547143235827270757454243721440434455871582031250000
-0.1152183255903439507150665122026111930608749389648437500
-0.0502117756265615319821726814097928581759333610534667969
0.3061024261819599301404082325461786240339279174804687500
-0.1229411709058939317085190623402013443410396575927734375
-0.0993403631079237958712013778495020233094692230224609375
-0.0620724179384925939251260729179193731397390365600585938
-0.4376225537420919686759646083373809233307838439941406250
0.3952104613538913180370570898958249017596244812011718750
-0.0383412868522480451694001146734080975875258445739746094
-0.2775888033990043801679803436854854226112365722656250000
-0.4129279245238040574328408638393739238381385803222656250
-0.2258267302088990680086766360545880161225795745849609375
0.4817900263206830180351403214444871991872787475585937500
0.2883630566204745671043951915635261684656143188476562500
-0.1250871973974641004900831831037066876888275146484375000
0.4821936863805894590839784541458357125520706176757812500
0.0949651214342998040152110661438200622797012329101562500
-0.2981490581559269603673101300955750048160552978515625000
0.1000558705701913575492056907023652456700801849365234375
-0.3496987617436578266172375606402056291699409484863281250
0.4748466553032603121309307425690349191427230834960937500
-0.1527069546078962947177615205873735249042510986328125000
0.1914892577208540669353453722578706219792366027832031250
-0.3350107956081531668246498156804591417312622070312500000
-0.2065308364998398871215101735288044437766075134277343750
0.0686185983490440187804182414765818975865840911865234375
0.0999080318781258996940763950078689958900213241577148438
-0.0012699967508057858310566157200582892983220517635345459
0.2794337948007554195406498820375418290495872497558593750
0.0334179770782530444206415154440037440508604049682617188
-0.0195737745323441639233585931378911482170224189758300781
0.3549002116109210014371910801855847239494323730468750000
-0.0526823999262639453000645062274998053908348083496093750
0.0735621602389689155376828466614824719727039337158203125
-0.4125555596320442108826398452947614714503288269042968750
0.1121583885808437458520003815465315710753202438354492188
0.0457758373813802604823663955357915256172418594360351562
0.0817219545070223818417076699915924109518527984619140625
0.2847522729044249523155940551077947020530700683593750000
0.1640834517243581758272341630799928680062294006347656250
-0.1426635781670449742986050978288403712213039398193359375
0.2989051754538553651308063763281097635626792907714843750
0.1452270178653836119053721631644293665885925292968750000
0.0558028173016003811723884098228154471144080162048339844
-0.1115052187680195677765837558581552002578973770141601562
-0.0813399453718278708791444842063356190919876098632812500
-0.4729076927560074694589786759024718776345252990722656250
-0.0337761285502737804153916556515468982979655265808105469
0.0756424026011751626796808523067738860845565795898437500
-0.2339891530688837928408929656143300235271453857421875000
-0.3537705554444857680707059444102924317121505737304687500
-0.4396726450481481252019477778958389535546302795410156250
0.2004708397629419158736396866515860892832279205322265625
0.4684795235078235697834259099181508645415306091308593750
0.4743331437994689481207899461878696456551551818847656250
0.3269242768620544969948582547658588737249374389648437500
-0.0911102336914549476576397069038648623973131179809570312
-0.2229024004091350041889540989359375089406967163085937500
-0.3669686088844015259269326634239405393600463867187500000
0.1482993889537520260102354541231761686503887176513671875
0.3961111329853408968837413794972235336899757385253906250
0.1581300628543185760044309517979854717850685119628906250
-0.4156070585783646076372122024622512981295585632324218750
-0.2882925772906952954777182185353012755513191223144531250
-0.3893671069680595953066415404464351013302803039550781250
-0.4502646606371362159038085337670054286718368530273437500
0.0170236131527012508890539521644313936121761798858642578
-0.0691794754394671196351396247337106615304946899414062500
-0.2015462932087465908193024688443983905017375946044921875
0.0512374683936886177182401524987653829157352447509765625
-0.0224794504662356418867030782848814851604402065277099609
0.0333850314887497376381553237933985656127333641052246094
0.0396905375706317758988106447759491857141256332397460938
0.0570565972771966758991801782485708827152848243713378906
-0.1711046575004597780633730508270673453807830810546875000
0.1969312983576427811271969403605908155441284179687500000
-0.0883727235024563545495723815292876679450273513793945312
-0.0065793860569487386952269858397812640760093927383422852
0.0644858806910779541743394815966894384473562240600585938
-0.0244634536439815794550689531661191722378134727478027344
0.0166278296133822722779882496979553252458572387695312500
0.0257603385925117833732400640656123869121074676513671875
-0.0721517651649660612944714443983684759587049484252929688
0.0247110530469400041519989486005215439945459365844726562
0.3428822588332338661132325796643272042274475097656250000
-0.0076180271506874844972267979414937144611030817031860352
-0.3203198283152277614505010205903090536594390869140625000
-0.0389882520424939121861385160627833101898431777954101562
0.1166028731287626213353192383692658040672540664672851562
-0.4621524015177261301978717256133677437901496887207031250
0.1173291785596462660778982467491005081683397293090820312
-0.1509445241743900545383638700513984076678752899169921875
-0.5357476999776533688191193505190312862396240234375000000
-0.2298291501340884168680389620931237004697322845458984375
-0.1931179835898700625218538107219501398503780364990234375
-0.3033438809371855060526002034748671576380729675292968750
0.4424156851201057616407297246041707694530487060546875000
-0.4230131167946800108126126360730268061161041259765625000
0.3282785658443052589916533179348334670066833496093750000
0.2389078860295963668836094484504428692162036895751953125
-0.0751075258777928050912819912809936795383691787719726562
0.1432158376441989844352065119892358779907226562500000000
0.2425735658734027300198476950754411518573760986328125000
0.0490617590018771407289754904468281893059611320495605469
-0.2398063429430875581616078306979034096002578735351562500
0.2382527720785109492940279096728772856295108795166015625
0.0372328108293794868277615250917733646929264068603515625
0.0795905647400731303120480220059107523411512374877929688
-0.0433096582582704406338969249645742820575833320617675781
0.1705448734447690961602006609609816223382949829101562500
-0.1451953257358117865827296100178500637412071228027343750
0.2257507253755297593755813068128190934658050537109375000
0.4717575285926869921304671606776537373661994934082031250
-0.0613055139634896897882221367126476252451539039611816406
-0.0794063576931780118473014340452209580689668655395507812
-0.1041789671517841797676595660959719680249691009521484375
0.1377415915142028712825350567072746343910694122314453125
-0.0293652370710761785599363093979263794608414173126220703
-0.1602254853032187287276144616043893620371818542480468750
0.0815133491218445055404018262379395309835672378540039062
-0.0586953729742356045129270114557584747672080993652343750
0.1967040513218704655962199012719793245196342468261718750
0.0295317364264509572835404327406649827025830745697021484
0.0041863105179479184400626046169691107934340834617614746
0.2262312828682249143952276426716707646846771240234375000
0.0107113098639901298952947783504896506201475858688354492
-0.1266133642025789873830632359386072494089603424072265625
0.1743510318235323430791083865187829360365867614746093750
-0.3995437304389041210939126358425710350275039672851562500
0.1152417558147164067250400876218918710947036743164062500
-0.1862770462817799621557668388049933128058910369873046875
-0.4313216068731063890240307046042289584875106811523437500
0.1425015510514009153819614539315807633101940155029296875
0.2365100493838841466676115032896632328629493713378906250
0.1890271056502776658714282120854477398097515106201171875
0.2906747108705355908675471710012061521410942077636718750
0.1764618533544792811085244466084986925125122070312500000
-0.1726757315046343332909373202710412442684173583984375000
0.2542364888738955497338167788257123902440071105957031250
-0.8796335845882106152515689245774410665035247802734375000
-0.7572011873205413134968466692953370511531829833984375000
0.0162554109477614817935720026298440643586218357086181641
-0.2786498254105673200164972058701096102595329284667968750
-0.0711764053219898079616356767473916988819837570190429688
0.0646544880360766655025273053070122841745615005493164062
0.4939988007213192977573612552077975124120712280273437500
-0.0029076495468330016205826815678392449626699090003967285
0.0015092768983308614549887494149515987373888492584228516
-0.1403419740447058861043672095547663047909736633300781250
-0.0493320185367977642743042565598443616181612014770507812
0.0377768958928091924676095914037432521581649780273437500
-0.1115463350556602228902391971132601611316204071044921875
-0.1960702839923649520859072481471230275928974151611328125
-0.1392839530705003991961632436868967488408088684082031250
-0.0286510553394700891172153234265351784415543079376220703
-0.0757792929190187758425878428170108236372470855712890625
0.0146156544455340615257243896962791041005402803421020508
0.0550592471716878570364706035888957558199763298034667969
0.1510537896313727257435743922542314976453781127929687500
-0.0453991789982380877788159523333888500928878784179687500
0.0381605956450288552606053826821153052151203155517578125
0.0804547990873353546792401402854011394083499908447265625
-0.3677042960980959063199691172485472634434700012207031250
0.0434225936864602521381151234436401864513754844665527344
0.1895536156005466765783751270646462216973304748535156250
0.0983443997872930769643673443169973324984312057495117188
0.3844472337197974431965974417835241183638572692871093750
-0.4240838570865996248748786001669941470026969909667968750
0.2896466288053806126256972675037104636430740356445312500
-0.3270689783339590928079587683896534144878387451171875000
-0.0164924344882102363873954686823708470910787582397460938
0.0168917800829817901786533695940306643024086952209472656
-0.1676205331870785630865583470949786715209484100341796875
-0.2511491626783985964266321389004588127136230468750000000
-0.2818023410214216539770859526470303535461425781250000000
-0.1286608866426709740782285962268360890448093414306640625
0.1920578639425432332377141619872418232262134552001953125
0.0454415537890360751727136801036976976320147514343261719
0.2938025475175998768584406661830144003033638000488281250
0.4406620302296928026741795747511787340044975280761718750
-0.0139700596020734604807422840622166404500603675842285156
-0.2506893174667330637106488211429677903652191162109375000
-0.4984877036403698169486631286417832598090171813964843750
-0.1960153092849936939945365566018153913319110870361328125
0.2207165390749018518690149903704877942800521850585937500
0.1053467375206835615619738177883846219629049301147460938
-0.0543241112755059873951068993847002275288105010986328125
-0.0414830287569453379226125377954303985461592674255371094
-0.1279083020032711903724020885420031845569610595703125000
0.0883873773497855091951791450810560490936040878295898438
-0.0684901467141543762728872479783603921532630920410156250
0.1558486250032761755157650895853294059634208679199218750
0.0592192064631458098267202672104758676141500473022460938
0.0106263574002341872754007212620308564510196447372436523
-0.0632263394370735226646118576354638207703828811645507812
-0.0186261457708903448160508986575223389081656932830810547
0.2008940454818358145594459074345650151371955871582031250
0.0083812932883604151362844092432169418316334486007690430
-0.2146800246323830596573145612637745216488838195800781250
0.0297009776139226071289822783683121087960898876190185547
-0.0158870449355034068505965194617601810023188591003417969
0.1412136958257614038902971742572844959795475006103515625
-0.2392660900156285408435508088587084785103797912597656250
0.1166350036069243450986832044691254850476980209350585938
-0.2854312021516561825862368095840793102979660034179687500
0.0779260709575897991818749233061680570244789123535156250
0.4109113626781876749127775383385596796870231628417968750
0.3780953712256551191295272928982740268111228942871093750
-0.1446165690583622043252631783616379834711551666259765625
0.1328085278183289419384749407981871627271175384521484375
0.5977166917351613983910851857217494398355484008789062500
0.4621303503557434022575023391254944726824760437011718750
-0.3934938618766550266769854715676046907901763916015625000
0.0060828724900237425218807452154123893706128001213073730
-0.3406580785549684353696875405148603022098541259765625000
0.3845127728204600359163123357575386762619018554687500000
-0.3417941557342227265614553743944270536303520202636718750
-0.1595926349837412661081259557249723002314567565917968750
-0.2198790262735494938084457317017950117588043212890625000
0.1620262813295351989051340524383704178035259246826171875
0.0321005754694037859220401287529966793954372406005859375
0.4282121965432623689196134364465251564979553222656250000
0.3278697033683952710703124466817826032638549804687500000
-0.2394789292736985431009344438280095346271991729736328125
0.2714199252624484581808417260617716237902641296386718750
0.3724230344088426125637170116533525288105010986328125000
-0.3412873335838370048023193703556898981332778930664062500
-0.2227221341024733791691403439472196623682975769042968750
-0.1974503308241524479615947029742528684437274932861328125
0.0666164221848454252139504205842968076467514038085937500
-0.0512387309589374742579970245515141868963837623596191406
0.1675395138574223008465224893370759673416614532470703125
0.0061814646349436603786631216905789187876507639884948730
0.1817119484698067055639114641962805762887001037597656250
0.3257744281073299830175926672382047399878501892089843750
-0.0523893103822950442771677614928194088861346244812011719
0.0881354043099034090147370079648680984973907470703125000
0.0355900436911280176888183746086724568158388137817382812
-0.2581932191941611609564688478712923824787139892578125000
-0.1011517847967232097694534331822069361805915832519531250
0.0832594049004514030754009468182630371302366256713867188
-0.4154547341961079554017999271309236064553260803222656250
-0.1929166273234106387945985261467285454273223876953125000
-0.0413703337875886076324682960603240644559264183044433594
0.1193513453840265720051760922615358140319585800170898438
0.0285804939231782788311431175998222897760570049285888672
0.4528990104533250904417229776299791410565376281738281250
-0.3896232893705315336596584074868587777018547058105468750
0.0103635541769034004305760632291821821127086877822875977
0.2070534154254412284590358694913447834551334381103515625
0.3551341829405574856970417840784648433327674865722656250
0.1219803080136913353559435790884890593588352203369140625
0.0995187664210575861911678430260508321225643157958984375
-0.2157943726900987402306242302074679173529148101806640625
-0.4001348949693928624959937678795540705323219299316406250
0.2811533939347635735472863416362088173627853393554687500
0.3646441795789383544246220480999909341335296630859375000
-0.2695672709774880604349789336993126198649406433105468750
-0.1943793344901565411930732807377353310585021972656250000
-0.3174813705482464332163772269268520176410675048828125000
0.0810411302647750242389435015866183675825595855712890625
-0.2124749182940102731897979992936598137021064758300781250
0.2509824247136426267346109852951485663652420043945312500
0.0800590043603046502829201358508726116269826889038085938
0.2755645169539111538625775210675783455371856689453125000
0.5573920501540823302377702930243685841560363769531250000
0.0542408552531555149256448089545301627367734909057617188
-0.1501398402193080405808700561465229839086532592773437500
-0.1364091049756663009961954458049149252474308013916015625
0.0313996951374438185156101610573387006297707557678222656
-0.0118277618366380531111925478171542636118829250335693359
-0.1548581751525036631633724937273655086755752563476562500
-0.1989622206796790859772983139919233508408069610595703125
0.1212529104002634527947890319410362280905246734619140625
-0.3819452533191485810171172943228157237172126770019531250
0.0580651132020177651593684231556835584342479705810546875
0.0943054788689909884169537690468132495880126953125000000
-0.0769673327908836080180066119282855652272701263427734375
0.3982359749106073598667876467516180127859115600585937500
-0.1650023699825887701919668870687019079923629760742187500
0.1376152396516615861177257329472922720015048980712890625
0.1377371205985353230794032697303919121623039245605468750
0.2738131582824364085304580385127337649464607238769531250
-0.0137711702830943753111947458478425687644630670547485352
-0.1221215694531254808419262758434342686086893081665039062
0.0282852059535293812175815730824979254975914955139160156
0.0297285750959014639926980549944346421398222446441650391
-0.4659214381484865219462676577677484601736068725585937500
-0.0455893262605168991807857992171193473041057586669921875
-0.0149122857276839521079025985272892285138368606567382812
0.3128854149365195569387765317515004426240921020507812500
-0.5109475582123639281206806117552332580089569091796875000
-0.0104450012699135383331672244366927770897746086120605469
0.2383264928512945357574892568663926795125007629394531250
-0.3709333221310496253586563852877588942646980285644531250
0.2985301931028547794966243600356392562389373779296875000
0.1185511016174449899773790662038663867861032485961914062
-0.3743280891545245347984405270835850387811660766601562500
-0.3550453391624396326520241018442902714014053344726562500
-0.0355538411508986920694930233821651199832558631896972656
-0.4208570336093179209413506214332301169633865356445312500
-0.2049710533998639061525892657300573773682117462158203125
-0.1309374962254025442920379873612546361982822418212890625
-0.2829503912202966930955483348952839151024818420410156250
-0.0255163398850006897800035687851050170138478279113769531
-0.2453588552650595444593051297488273121416568756103515625
-0.0149424991579902768229493048579570313449949026107788086
-0.0036169049584743205236203600350108899874612689018249512
0.0822681522011884797107583722208801191300153732299804688
-0.0990559731515876507046414189971983432769775390625000000
0.0788490507832887016492762199959543067961931228637695312
0.2631246236039658237260141504521016031503677368164062500
-0.3328191374933335278107904287026030942797660827636718750
-0.0172935622113659509535565916849009227007627487182617188
0.1617000384607323315577787070651538670063018798828125000
0.0023117982164640544714973025008930562762543559074401855
-0.0621962892330806885188287935761763947084546089172363281
-0.0250425588286385010505785686518720467574894428253173828
0.1268819397002005910923827514125150628387928009033203125
-0.0346199484091824702391981816163024632260203361511230469
0.0349041185274130832949524005925923120230436325073242188
-0.3970165497152874922726084605528740212321281433105468750
-0.0415451573985377645148453495949070202186703681945800781
-0.1155495491776678540496448022167896851897239685058593750
-0.1364643601279155182837143911456223577260971069335937500
0.0792342583200780631313975277407735120505094528198242188
0.1287404269464323680605133404242224059998989105224609375
0.1037930218283791977684771268286567647010087966918945312
0.0920373466319447247618867891105765011161565780639648438
0.2554449477809846991149811401555780321359634399414062500
0.6781050750419514994149494668818078935146331787109375000
-0.1449341490146258404347889836571994237601757049560546875
-0.3242520380040475602712035652075428515672683715820312500
0.4945913015037192717038294631493045017123222351074218750
-0.1631385427059692250217892706132261082530021667480468750
0.0997360539371015403231623963620222639292478561401367188
0.4280068154439755079287976968771545216441154479980468750
-0.2349768243319987903738876866555074229836463928222656250
0.0240243481642055632663268482929197489283978939056396484
0.5485592003839383501428983436198905110359191894531250000
0.8926177637395174002676867530681192874908447265625000000
-0.2004464401949665186553062312668771483004093170166015625
0.1185202438259653628938039560125616844743490219116210938
0.4155927102037981768489771638996899127960205078125000000
0.0427752253491848546951281662131805205717682838439941406
0.2057301417143767019446443100605392828583717346191406250
0.0551136774877064375410817831379972631111741065979003906
0.1490779684170781549390483178285649046301841735839843750
-0.1701854406908479000470890696306014433503150939941406250
0.0194190751941242314981828087638859869912266731262207031
-0.0263570140625169757608858844832866452634334564208984375
-0.2801229423833349607697584815468871966004371643066406250
-0.0337468030775278232669123212872364092618227005004882812
0.0164899806130852540075881762504650396294891834259033203
0.0302247544606308558845508827062076306901872158050537109
-0.0343486338412908043249416323305922560393810272216796875
0.0528328740487534059822039012033201288431882858276367188
0.0237492777820788175668909047999477479606866836547851562
-0.0384558012120109482534502376438467763364315032958984375
0.0017010452107292621526379861052191699855029582977294922
0.0049856955418690861170372130573014146648347377777099609
-0.1027201809941918758672940725773514714092016220092773438
-0.0739388957432880883358095047697133850306272506713867188
0.2057525192160772620209030492333113215863704681396484375
-0.2043513679588285780752698883588891476392745971679687500
0.1456601136118302608490893135240185074508190155029296875
0.3588448939776403556756179114017868414521217346191406250
-0.0455317830630129968816355301441944902762770652770996094
0.0158675650976103747857859360692600603215396404266357422
0.2030843883111095315996408317005261778831481933593750000
-0.2180549565013071844354897166340379044413566589355468750
-0.1555064406382838659848033557864255271852016448974609375
-0.3817430696820762747734079312067478895187377929687500000
0.3868955612685192613220408475172007456421852111816406250
-0.2220752476959775290055176810710690915584564208984375000
-0.2308844144138959830758750513268751092255115509033203125
0.0364576019954885935381305728242296027019619941711425781
-0.0484026304620241432097316192084690555930137634277343750
0.2707971125886873275945276873244438320398330688476562500
-0.3900346906079650843857109521195525303483009338378906250
-0.0513381577265429392409323838819545926526188850402832031
0.4284374328135878151613269437802955508232116699218750000
-0.0552586691346551445169765770515368785709142684936523438
-0.0634964713061821617312574517200118862092494964599609375
-0.1841011720560738473828621408756589516997337341308593750
-0.4369584852817773867883488492225296795368194580078125000
-0.0071903173289819969152270040524399519199505448341369629
0.1270489743186764830529256187219289131462574005126953125
-0.3808947006408198721061353353434242308139801025390625000
-0.0187643631088530438155714819004060700535774230957031250
0.0060197342254681681164574236220232705818489193916320801
-0.1297767222548712184870822738957940600812435150146484375
0.3069761473342019209020747894101077690720558166503906250
0.1315179275027486271998355960022308863699436187744140625
0.0081268357831414238939826688579159963410347700119018555
0.0098387800797314715200991841470568033400923013687133789
-0.1373492803116985461198140683336532674729824066162109375
-0.0950192072438857948668555764015763998031616210937500000
-0.1973240053369261504112586180781363509595394134521484375
0.0938048411179277091820338796424039173871278762817382812
-0.0729322460201556610481787856770097278058528900146484375
0.0146919453353239887194447987894818652421236038208007812
0.0565989495161928479749491316397325135767459869384765625
-0.3067728262294207586258210085361497476696968078613281250
0.0037088449892583451490690737983868530136533081531524658
-0.1160622479079864571849256549285200890153646469116210938
-0.3548958638334462900587595868273638188838958740234375000
-0.4297720750944254985981274330697488039731979370117187500
0.0330534890838215592023807687382941367104649543762207031
-0.1272687102938191427980996195401530712842941284179687500
-0.4445708290134242623992122389608994126319885253906250000
-0.0478458516661945457149052174372627632692456245422363281
-0.2246648659110371815117446203657891601324081420898437500
0.2430320087554517227701467163569759577512741088867187500
0.0040758555587318339927249688514621084323152899742126465
-0.1454688790711135271127574242200353182852268218994140625
-0.2133356949012935044329708489385666325688362121582031250
-0.3837526252333362530855254135531140491366386413574218750
0.2725877774890743121538605464593274518847465515136718750
0.0907537799357095997798694497760152444243431091308593750
-0.6227414247230451671555329085094854235649108886718750000
-0.0623998098080694729716810797981452196836471557617187500
-0.3280311122230341602801217959495261311531066894531250000
0.4790068600976868928853491524932906031608581542968750000
0.1150238220416838902382394849155389238148927688598632812
-0.0703744271607019550307526856158801820129156112670898438
-0.3066212976771265363851171059650368988513946533203125000
0.0794822600985027327702425736788427457213401794433593750
0.3255797852550637028201663270010612905025482177734375000
-0.0527345009603100711714773751737084239721298217773437500
0.0258513804398718995136707832216416136361658573150634766
-0.1313232458959174286938775821909075602889060974121093750
-0.1737831114129028686754452337481779977679252624511718750
0.1449474551373944875010124633263330906629562377929687500
0.0804643812795001467375044512664317153394222259521484375
-0.0012675189876640094183840590247314139560330659151077271
-0.0454983129096010810443750926879147300496697425842285156
-0.1512358426126979293879770693820319138467311859130859375
0.1341882468265939987173140934828552417457103729248046875
-0.0840634437690933183917607607327227015048265457153320312
0.0813364087113021966279902130736445542424917221069335938
-0.0433375280082319222496600730210047913715243339538574219
-0.0430769391352018929386424872518546180799603462219238281
-0.0337029934216682008907284284759953152388334274291992188
0.0540069751708521714195221363752352772280573844909667969
0.0876180284029053069172476853054831735789775848388671875
0.3816397347355197089413536559732165187597274780273437500
0.1071082311728906860670562650739157106727361679077148438
-0.4203361038027644269732263637706637382507324218750000000
0.5237131135650936464287497074110433459281921386718750000
0.2211851887972557939576745411613956093788146972656250000
-0.1361784212037236985182175885711330920457839965820312500
0.0335068367931479552113138709046324947848916053771972656
-0.1603893070671229270640623099097865633666515350341796875
0.4739565535828855202815645952796330675482749938964843750
0.0931159238954683832201197901667910628020763397216796875
0.0614158293944975161582355838163493899628520011901855469
0.1383636746258769256723297758071566931903362274169921875
0.0848195933752304565000912361938389949500560760498046875
0.4825428724679495240401649880368495360016822814941406250
-0.2079689579005130906086407094335299916565418243408203125
0.0842269013304475372416746381531993392854928970336914062
-0.1302632798489766763339048338821157813072204589843750000
-0.4087762377651817380375121047109132632613182067871093750
-0.4965047385789160272473452550912043079733848571777343750
-0.1404215118302566400743103258719202131032943725585937500
0.3617176748090212834441103950666729360818862915039062500
-0.4877628411764245996984357134351739659905433654785156250
-0.4462356428533060803687249062932096421718597412109375000
0.2088420432912537205716319022030802443623542785644531250
0.4582987671758575465297269602160668000578880310058593750
-0.2563958802224790001211829348903847858309745788574218750
0.7028671551857487154180148536397609859704971313476562500
-0.2160938771440689409875091087087639607489109039306640625
0.4960459899369027980675639355467865243554115295410156250
-0.2121232098778195185317940740787889808416366577148437500
-0.1224738755474078649720937050915381405502557754516601562
0.5229587551695965563780532647797372192144393920898437500
0.5997962007157177088956245825102087110280990600585937500
0.4026593059127370755057029327872442081570625305175781250
-0.5551051356107185030808182091277558356523513793945312500
-0.1039913763837168741988037368173536378890275955200195312
0.2426407303053811637116865540519938804209232330322265625
0.2502109536101339570812740475957980379462242126464843750
0.4847504504512721856812618170806672424077987670898437500
0.6090044262321649970459702672087587416172027587890625000
0.0852561650223661732228563892022066283971071243286132812
-0.6257871171766709039729903452098369598388671875000000000
0.4619119854795187274376644381845835596323013305664062500
0.7125403436555748371006302477326244115829467773437500000
-0.8298120030533839841524468283751048147678375244140625000
-0.0925295911595771791713360698850010521709918975830078125
-0.2215649843116894723848986359371338039636611938476562500
-0.5000266289333296088059910289302933961153030395507812500
-0.0505716445324879484979341270900476956740021705627441406
0.4279542923987976754673923096561338752508163452148437500
-0.2847302799209905366240036528324708342552185058593750000
0.1084825039487204573207534963330544997006654739379882812
-0.7494193179127398574124185870459768921136856079101562500
-0.5180477464488739691717000823700800538063049316406250000
0.3147703706172811921604193230450619012117385864257812500
0.2910233456410401542413524111907463520765304565429687500
0.7364898511749703446938042361580301076173782348632812500
0.4889224598621451089996980954310856759548187255859375000
0.6305576517209147136000524369592312723398208618164062500
-0.1799008556145533233028288577770581468939781188964843750
0.6907841963729963730145300360163673758506774902343750000
0.5650203050436068963335856096819043159484863281250000000
-0.3198540789666827754977873610187089070677757263183593750
-0.7868944946461093881140413941466249525547027587890625000
-0.4948159494706415584275305263872724026441574096679687500
0.6603060781871837869871910697838757187128067016601562500
0.3821066505334510532421177231299225240945816040039062500
-0.2358597754417551539685149464276037178933620452880859375
-0.4243163946084527737845348838163772597908973693847656250
-0.1055744942930739033171150254020176362246274948120117188
-0.1724163825563341245761250775103690102696418762207031250
-0.4224516370607901971645503635954810306429862976074218750
0.0161974620382968372001020185280140140093863010406494141
0.8395567553481522171665574205690063536167144775390625000
-0.4151059417117592964530103927245363593101501464843750000
0.2281045493828774139988269098466844297945499420166015625
0.4304984200391790971629291107092285528779029846191406250
-0.0485327363910867670693249920077505521476268768310546875
0.5751803656412857179702768917195498943328857421875000000
0.0167854931111660402032192962451517814770340919494628906
-0.5697057629575876802618950023315846920013427734375000000
0.8252769803553728911182929550705011934041976928710937500
-0.3770756279655340104106642229453427717089653015136718750
-0.5636952213813495315974932964309118688106536865234375000
0.0533650812123785261986697037173144053667783737182617188
-0.2514093576024084564224381210806313902139663696289062500
0.5484114059634955795630162356246728450059890747070312500
0.3689165241658721727802117129613179713487625122070312500
-0.5116675673218881170711824779573362320661544799804687500
-0.0652284458878178013963022863208607304841279983520507812
0.1961761926975720271570935437921434640884399414062500000
0.2149337439093878254769975910676294006407260894775390625
0.6186795486337312022229184549360070377588272094726562500
-0.0853867681768633313144079011181020177900791168212890625
-0.4082909175682886138147864585334900766611099243164062500
0.4531937863718498715748239646927686408162117004394531250
-0.7275870133863715505384561765822581946849822998046875000
-0.1516588218482292915734177540798555128276348114013671875
-0.1276660650535846042163967695159954018890857696533203125
0.8283279624751482828060034080408513545989990234375000000
-0.5431744019686326474527504615252837538719177246093750000
-0.1763140602765621844927323991214507259428501129150390625
-0.2548735899140299743237392249284312129020690917968750000
0.3807322975732830294681718896754318848252296447753906250
-0.0914442380675975913240094428147131111472845077514648438
-0.2958629732902752218492992142273578792810440063476562500
0.6339579370414812897749357034626882523298263549804687500
-0.8174229648725732655378806157386861741542816162109375000
-0.2338749349016236434017912415583850815892219543457031250
0.6964656243247865363699133922636974602937698364257812500
-0.3370326479356287041611039967392571270465850830078125000
0.7625583133265264601519106690830085426568984985351562500
-0.1648300882102421427433114331506658345460891723632812500
-0.2553737279571449692028295430645812302827835083007812500
0.2126211966323292013036905245826346799731254577636718750
-0.0000257103594137512966096448946418107084355142433196306
-0.4576524320117803523721988767647417262196540832519531250
-0.1509282925255364671279778576717944815754890441894531250
-0.3500476693419638518633973944815807044506072998046875000
-0.3296091552403768720758137078519212082028388977050781250
-0.0557504515544097259405198485637811245396733283996582031
0.2585030126197683797428794605366420000791549682617187500
0.0544740084772128083101527806775266071781516075134277344
-0.0024690996966924482966532217176336416741833090782165527
-0.7843388656276125692201617312093731015920639038085937500
-0.1466962623313315949857837949821259826421737670898437500
-0.1769133302452067513232947248980053700506687164306640625
-0.6012056285342098904678209692065138369798660278320312500
-0.0294311777712669697670833102165488526225090026855468750
-0.8080900458083221105098914449627045542001724243164062500
0.3055994963522631890917580221866955980658531188964843750
-0.9205261756559180996717373091087210923433303833007812500
-0.3260111947524583775326334489363944157958030700683593750
0.2589499527569250614256191056483658030629158020019531250
0.8176371450787954797689849328889977186918258666992187500
0.0709571469160099332906810332133318297564983367919921875
0.1808776072043239424580463037273148074746131896972656250
-0.3775051728409228868343916474259458482265472412109375000
-0.1756907903813442750617923593381419777870178222656250000
0.6024744358910097963288876599108334630727767944335937500
0.3072880192802770471516282668744679540395736694335937500
0.4040082771706367537056792116345604881644248962402343750
-0.7308888211213349084260926247225143015384674072265625000
0.6939122765176001239595393599302042275667190551757812500
-0.7871406305371508871360219927737489342689514160156250000
0.0544273633871090456448627037389087490737438201904296875
0.4809334445144662351090403262787731364369392395019531250
-0.6581921254664350184881982386286836117506027221679687500
0.0677351302406294930591457159607671201229095458984375000
0.1874335411937416984162751987241790629923343658447265625
0.9584288226898036722189999636611901223659515380859375000
0.4771739031829234090054114858503453433513641357421875000
0.7597560428353178352267605077940970659255981445312500000
-0.1302830206208931973499431933305459097027778625488281250
-0.1765183916471467495679092962745926342904567718505859375
-0.8605669618771882856123056626529432833194732666015625000
-0.1650836997705858455454119848582195118069648742675781250
0.2963339360661219612502748077531578019261360168457031250
0.3175449440181212223954787532420596107840538024902343750
-0.4498723146054139920835268640075810253620147705078125000
0.1723605493687232204091941412116284482181072235107421875
0.4842714635458007510493416702956892549991607666015625000
0.6759922785087999486108856217470020055770874023437500000
0.1787006684885498741799381150485714897513389587402343750
-0.7589678181576896554005884354410227388143539428710937500
-0.4619563263553667642469235943281091749668121337890625000
0.2770982725137581259566843527863966301083564758300781250
-0.6231113315825262954916752278222702443599700927734375000
-0.4912745413189641419116071574535453692078590393066406250
0.2267581710777525350053451802523341029882431030273437500
-0.5194512683939574992919574469851795583963394165039062500
0.7784979555143256568783272086875513195991516113281250000
-0.8632603170337349585139463670202530920505523681640625000
0.8165400252179135787145014546695165336132049560546875000
-0.4138519744669942879156110393523704260587692260742187500
-0.5277868312682153506543158982822205871343612670898437500
-0.3747471359544116142892278276121942326426506042480468750
0.2974073156012507213041828890709439292550086975097656250
0.1817996478044712482802225395062123425304889678955078125
-0.3242640767436805182555303872504737228155136108398437500
0.7656492551438598415103342631482519209384918212890625000
0.7878029407756613755609009785985108464956283569335937500
0.5134877954740778571718351486197207123041152954101562500
0.0122345102927736443937378751911637664306908845901489258
0.2034058549505322888162339722839533351361751556396484375
0.6749081208270196752252445548947434872388839721679687500
-0.5203246379939362453725948398641776293516159057617187500
-0.3375401247540577021055696604889817535877227783203125000
0.3891723278812048714137006300006760284304618835449218750
-0.5853013582350065080461831712455023080110549926757812500
-0.1523735507233406893945470983453560620546340942382812500
-0.6872895309166950905677140326588414609432220458984375000
-0.9118992558736895848170433964696712791919708251953125000
-0.2493850606671678959980198442281107418239116668701171875
-0.3521859595956705057950841819547349587082862854003906250
0.5056057349549863966231555423291865736246109008789062500
-0.5529025172074456540016740291321184486150741577148437500
0.2026356391238662291165439910400891676545143127441406250
0.0938732129242271368108063711588329169899225234985351562
-0.0038290601266745614809916542498058333876542747020721436
-0.0909904350374874659745927374387974850833415985107421875
0.3985376133411607235679241512116277590394020080566406250
-0.4849195799005653340074672996706794947385787963867187500
1.1142571034809483077054892419255338609218597412109375000
0.1611720263168473776804745511981309391558170318603515625
0.3052112938505955885837295227247523143887519836425781250
0.4275670702139489631754543097486020997166633605957031250
0.6839808469619309549969443651207257062196731567382812500
-0.4611989298894371147596871196583379060029983520507812500
-0.2490687955092290017944378632819280028343200683593750000
0.0369850653684600447212993401535641169175505638122558594
0.7317353006306117624291118772816844284534454345703125000
-0.6929486870256864605721602856647223234176635742187500000
-0.6934246968281752021567854171735234558582305908203125000
0.6833563652715863856457190195214934647083282470703125000
-0.2201285743508149539415796880348352715373039245605468750
-0.6420942295624098017370329216646496206521987915039062500
-0.3840937247000926757500849362259032204747200012207031250
0.7011995301956858162029107006674166768789291381835937500
-0.0175978079657173325234253979942877776920795440673828125
-0.1686641051937650959136050232700654305517673492431640625
-0.1743918740480464579789554591116029769182205200195312500
-0.4833561711016304274224353321187663823366165161132812500
0.3725316263292277607632740910048596560955047607421875000
-0.1506162410321660594103576613633777014911174774169921875
0.3917900594230372401938211623928509652614593505859375000
-0.3990337235064209120416478526749415323138236999511718750
-0.6000857026190140608434830937767401337623596191406250000
-0.2283385201166520384052915915162884630262851715087890625
-0.5304373694088106994115605630213394761085510253906250000
0.5274401637215825333626639803696889430284500122070312500
-0.0267711468102567462512553220221889205276966094970703125
-0.2147545250243278192048279606751748360693454742431640625
1.0189779106589551549433281252277083694934844970703125000
0.1093504379805955717408494365372462198138236999511718750
0.3072074093760355784077376029017614200711250305175781250
0.6001508629883404166704963245138060301542282104492187500
1.0102439481691003475560819424572400748729705810546875000
-0.3108785647124016060516282777825836092233657836914062500
-0.2973818646127200371331866790569620206952095031738281250
0.4709860116309206312656954196427250280976295471191406250
-0.8128033842371366057832915430481079965829849243164062500
-0.4407240611672397223586017389607150107622146606445312500
-0.2232149978655810773631174015463329851627349853515625000
-0.0786664250654895008674216683175473008304834365844726562
-0.5721838999567916417277047003153711557388305664062500000
0.0959237944533346403863660611932573374360799789428710938
0.2337932789818769618861438175372313708066940307617187500
-0.0788360299785706569730692194752919021993875503540039062
-0.6822194570136486113653973006876185536384582519531250000
-0.6195883809290027022242952625674661248922348022460937500
-0.6103118619802210265135045119677670300006866455078125000
0.1228637001416015284149807484936900436878204345703125000
0.6830089628296488468706115781969856470823287963867187500
0.2494025543896670749077770778967533260583877563476562500
0.3776829133615484668240469545708037912845611572265625000
-0.4500940731139491668422181191999698057770729064941406250
0.6521993631474573005490924515470396727323532104492187500
-0.4656174430244786055510530786705203354358673095703125000
0.6601159971145558191807367620640434324741363525390625000
0.7330815575032191278026516556565184146165847778320312500
0.6675429118444158316236780592589639127254486083984375000
0.1178713670956821613078346899783355183899402618408203125
-0.5206439026829201566215488128364086151123046875000000000
0.6213194915165914933297131028666626662015914916992187500
-0.4325554624314140172991471899877069517970085144042968750
-0.5627179560080070030991805651865433901548385620117187500
0.3574269709468236300153876072727143764495849609375000000
-0.2456093195179727406429748270966229028999805450439453125
-0.2264486872552374241429617995891021564602851867675781250
-0.2874445166280550356674439171911217272281646728515625000
0.5278999767180045932235543659771792590618133544921875000
0.5781138205862674794843769632279872894287109375000000000
-0.1638345671377907930565953620316577143967151641845703125
-0.0751146677199105577971138814064033795148134231567382812
0.3076795240022420219183629797043977305293083190917968750
-0.3126551703397391634986490771552780643105506896972656250
0.4145996687186832563298821696662344038486480712890625000
0.3812285026387609021547575594013324007391929626464843750
0.3329205634406112168655056393617996945977210998535156250
-0.0898119563073926652219114430408808402717113494873046875
-0.6987270946258176129717298863397445529699325561523437500
-0.0352783375687967665212951828834775369614362716674804688
-0.6124349622715521412885664176428690552711486816406250000
-0.5198296793269873150578064269211608916521072387695312500
0.5067480369304324661072769231395795941352844238281250000
-0.0362149472670333719137580885671923169866204261779785156
0.1072144593649222571452028773819620255380868911743164062
-0.3447403763641454510491257678950205445289611816406250000
-0.3131587220923238157332946229871595278382301330566406250
-0.8172989652134858840071274244110099971294403076171875000
0.1722336689193122716279304995623533613979816436767578125
-0.9521787569999421441124809462053235620260238647460937500
0.2568693604042202038861830715177347883582115173339843750
0.1414305359241095072508898056184989400207996368408203125
-0.0804920912621508999329478228901280090212821960449218750
-0.2395651337625523125129944901345879770815372467041015625
0.5174322766678577378840486744593363255262374877929687500
0.5649833641193801048174805146118160337209701538085937500
-0.8747426770510595694929634191794320940971374511718750000
0.9766722006526137311865909396146889775991439819335937500
-0.2440715556399289110078854037055862136185169219970703125
0.1551046460046492936335482681897701695561408996582031250
0.3165398463659463978991936983220512047410011291503906250
-0.3944567871023693106380392237042542546987533569335937500
0.1921033099317230874447659516590647399425506591796875000
0.5784838447407034678349191381130367517471313476562500000
0.4240721369875589674691696018271613866090774536132812500
-0.0402670902810713660091579413347062654793262481689453125
-0.1601600310407453597871807460251147858798503875732421875
-0.7166761361674590657955263850453775376081466674804687500
0.3060440483392173893761878389341291040182113647460937500
-0.5002109478369576311962418913026340305805206298828125000
0.9509608411333454469627213256899267435073852539062500000
0.2682782617831608873437687634577741846442222595214843750
0.2692549398193215259844635056651895865797996520996093750
0.3110549531077245744015158379625063389539718627929687500
0.4559718620919931963975102462427457794547080993652343750
-0.3183633795446241254722963276435621082782745361328125000
-0.8571063136790859626756855504936538636684417724609375000
-0.7983052473022367312438518638373352587223052978515625000
0.7649556684254743554873812172445468604564666748046875000
0.3286087730552274543960322716884547844529151916503906250
-0.8931253400785914564607992360834032297134399414062500000
-0.4515606490971830200287229217792628332972526550292968750
0.0104808565853125260775025040516084118280559778213500977
0.0012913135538789228574929612847199678071774542331695557
-0.8524803656336299439999493188224732875823974609375000000
0.0533018526497629416271983870956319151446223258972167969
-0.1143485446237808705882699200628849212080240249633789062
0.2830953151624353569815184528124518692493438720703125000
-0.8117725593138195305797921719204168766736984252929687500
0.0506147317363713628024513013770047109574079513549804688
-0.6856560549190912068340253426868002861738204956054687500
-0.6568612881912481160640027155750431120395660400390625000
0.8152933316011051756433403170376550406217575073242187500
-0.3779390610833066044271788541664136573672294616699218750
0.8498675968956943549414972949307411909103393554687500000
-0.1148618088173297274723339000956912059336900711059570312
0.5125009627926242483653140880051068961620330810546875000
0.6042341703436874267296730067755561321973800659179687500
0.9396650966870160326394056937715504318475723266601562500
-0.8661675866701316062190585398639086633920669555664062500
-0.5789290485784525097656683101376984268426895141601562500
-0.3942922150023195904111616982845589518547058105468750000
0.3202439765257252823893452386982971802353858947753906250
0.3486984448392097535318612244736868888139724731445312500
0.1260966424391504192570323539257515221834182739257812500
-0.2565341176109249832215652986633358523249626159667968750
-0.1827100291794502007203249149824841879308223724365234375
-0.9816044374385434201357725214620586484670639038085937500
-0.9044665088058068125320687613566406071186065673828125000
-0.2306121666305384620976326459640404209494590759277343750
-0.4481188455867585185288248794677201658487319946289062500
0.5338880041510624119283079380693379789590835571289062500
0.4824997765811108174638377477094763889908790588378906250
0.1767040291635126325608950992318568751215934753417968750
0.8717629116910379227789462674991227686405181884765625000
0.3090301527791877722606272982375230640172958374023437500
-0.4402288214622594453295789662661263719201087951660156250
-0.0097102769354496104581286886059388052672147750854492188
-0.5042899154029565345069840986980125308036804199218750000
0.5715607618195296391050419515522662550210952758789062500
0.6931311063613925238513502335990779101848602294921875000
-0.9384079652901669010844898366485722362995147705078125000
-0.3830162750958456263639106964546954259276390075683593750
0.2098812701812919623289843684688094072043895721435546875
0.9057819846806125507754359205137006938457489013671875000
-0.6691117856728869828231154315290041267871856689453125000
0.0074128068993902385824812384385040786582976579666137695
-0.1047373580397901737804033928114222362637519836425781250
-0.2339467624239335297176012318232096731662750244140625000
0.6099154711477369206207299612287897616624832153320312500
0.9354748565233798052176439341565128415822982788085937500
0.4809879291952169344526168970332946628332138061523437500
-0.7543577063435584761919017182663083076477050781250000000
0.6942064936784585471585273808159399777650833129882812500
0.0524805626931415594715879535669955657795071601867675781
0.1343748862512533781554679990222211927175521850585937500
-0.7682949021465511618700361395895015448331832885742187500
-0.0021912976989255264319289562280346217448823153972625732
0.0022515787954298783872519873483497576671652495861053467
-0.5857852463183892410825137631036341190338134765625000000
-1.0703308293824285168938104106928221881389617919921875000
-0.1707993890150763249824450440428336150944232940673828125
0.7730620340634843934424225153634324669837951660156250000
-0.6258355292359735200236059426970314234495162963867187500
0.4540529256153799653183966711367247626185417175292968750
-0.2802365119591153086453516607434721663594245910644531250
0.6677234896662662677613298001233488321304321289062500000
-0.6247521762766259367793963974690996110439300537109375000
-0.8604056147394339992828804497548844665288925170898437500
0.7731883011650430015393453686556313186883926391601562500
-0.2742723696129117372244365924416342750191688537597656250
0.1512025789272702369636647290462860837578773498535156250
-0.0530387492631411369692351343019254272803664207458496094
0.5684664140440393031994403827411588281393051147460937500
0.1703922201227198729434064716770080849528312683105468750
0.0262054755116953100313459401604632148519158363342285156
-0.0141995834572667591760852801030523551162332296371459961
0.2517285108883661748357951637444784864783287048339843750
-0.1420902831619213213532049167042714543640613555908203125
0.3268156150429107897892322398547548800706863403320312500
-0.1376529513441371310733529753633774816989898681640625000
0.0984002373467511987081834945456648711115121841430664062
-0.0927431464441555997169075453712139278650283813476562500
-0.2016445778073000516528168191143777221441268920898437500
0.0321712068068427392564245792527799494564533233642578125
0.2123843698435990967610109692031983286142349243164062500
0.0596925351529865033661792494967812672257423400878906250
0.6179868778126896833313708157220389693975448608398437500
-0.0436973591763242311114545657346752705052495002746582031
-0.4713571185314526790222089402959682047367095947265625000
-0.1154909839145996375275871059784549288451671600341796875
0.2892692743211812134163096743577625602483749389648437500
-0.4925750459716220497341510053956881165504455566406250000
0.3366159850842017631222802265256177634000778198242187500
-0.1111624007148605403072494368643674533814191818237304688
0.2855916809431799929797080039861612021923065185546875000
-0.4330169502650009771826944415806792676448822021484375000
-0.2699873503267207208722311406745575368404388427734375000
0.3409741369189706050590871200256515294313430786132812500
0.0992058871397161479155357710624230094254016876220703125
-0.0671289522210218869702202937332913279533386230468750000
0.2363588726251630856012297954293899238109588623046875000
-0.2003447727676695988563437822449486702680587768554687500
-0.0834621181648581150769317105186928529292345046997070312
0.3834868272515988274484755038429284468293190002441406250
0.0118414850159362580739319525946484645828604698181152344
0.0948799010928096098194117757884669117629528045654296875
-0.0897252866970320861472742990372353233397006988525390625
-0.1725965370391613906697614311269717290997505187988281250
0.0477786394240517081621888451081758830696344375610351562
-0.1174530479123442605615679212860413827002048492431640625
-0.0575536170786153447598287868913757847622036933898925781
-0.3588809288412853626404341866873437538743019104003906250
0.2854396504721116722969043166813207790255546569824218750
-0.4413362529443946025153877599223051220178604125976562500
-0.0511305559955036320607391076009662356227636337280273438
0.0149286921932702057458364208741841139271855354309082031
0.7695214484212751226976934049162082374095916748046875000
-0.0525870359240496396124875388977670809254050254821777344
0.1100734542838681384591126288796658627688884735107421875
-0.5448937038031550494920907112827990204095840454101562500
-0.3205844352150981069193846906273392960429191589355468750
-0.4156988323462194601098929069848963990807533264160156250
-0.0171888296737890793053349369756688247434794902801513672
-0.2761920191303401383997595530672697350382804870605468750
0.3165183131270349892183446627313969656825065612792968750
0.0024625488133970430300323517514016202767379581928253174
0.1547008466933189052561203880031825974583625793457031250
-0.4278721613478270180408458145393524318933486938476562500
0.6997736829478783393554408576164860278367996215820312500
-0.4453950167084053668453691443573916330933570861816406250
-0.1778087539864607602435597755174967460334300994873046875
-0.5209966208678096233342103005270473659038543701171875000
-0.7024574161036115649281441619677934795618057250976562500
0.2053844825010049668367884123654221184551715850830078125
-0.0017750074059912144923412125052664123359136283397674561
0.5336115776133169008588197357312310487031936645507812500
-0.4594785869028769065280926042760256677865982055664062500
0.1779436158175095039624125092814210802316665649414062500
0.2207592155505472275578426888387184590101242065429687500
0.0274515320199937365441833492241130443289875984191894531
-0.1216159073402930390628284840204287320375442504882812500
-0.4865821812910826604792191574233584105968475341796875000
-0.2252384890723210797425224427570356056094169616699218750
0.3240328683663383224633491863642120733857154846191406250
-0.1414378564024865447823486874767695553600788116455078125
0.2000584398887084169871286576380953192710876464843750000
0.0730830975018371131746164337528171017765998840332031250
0.3097401028983237103453518557216739282011985778808593750
0.0504078123542743908314101020096131833270192146301269531
-0.1218815138285105487137016666565614286810159683227539062
-0.5234130980750786310551347924047149717807769775390625000
-0.5112355599387514715203906234819442033767700195312500000
0.0310008104655782462666380183691217098385095596313476562
-0.0089989044212854356341591000045809778384864330291748047
-0.1451995833097588783910936172105721198022365570068359375
0.0741161786411115436346008777945826295763254165649414062
0.3505230681721622221225231896823970600962638854980468750
-0.2149578719855589348242119740461930632591247558593750000
-0.1111491165818290910438648211311374325305223464965820312
0.0896978264377553263786424508907657582312822341918945312
0.0083340051085059735358484545031387824565172195434570312
0.0393431610235418713350519226423784857615828514099121094
-0.2715342697834511875853991114126984030008316040039062500
0.3485189658802239076607065726420842111110687255859375000
0.0127805765279381932514324304861474956851452589035034180
-0.0716171546498918648593345892550132703036069869995117188
0.0339369665887360727474231225642142817378044128417968750
-0.1227635860467456707656452863375307060778141021728515625
0.0378220763830131867511141763316118158400058746337890625
-0.1170261185459903485739374673357815481722354888916015625
-0.3926338113397648821312202471744967624545097351074218750
0.2985825425440672975518907605874119326472282409667968750
0.2156647537744164899731202922339434735476970672607421875
-0.4492587595134330813451128960878122597932815551757812500
-0.0972049658506406594193904879830370191484689712524414062
0.0159354955762912101069339598780061351135373115539550781
-0.4069175140858744543770342261268524453043937683105468750
-0.0806845493572924676861646275938255712389945983886718750
-0.1212462288192954207310947367659537121653556823730468750
0.1307864019203980598948788838242762722074985504150390625
-0.5824733698665006675909694422443863004446029663085937500
-0.0006230607104199015503984138142357096512569114565849304
0.3724875670684391071318941612844355404376983642578125000
-0.4018219242951389102991299751010956242680549621582031250
0.3116622740494148779966110396344447508454322814941406250
-0.1999787139285044701431104385846992954611778259277343750
-0.3572503850799977898056170033669332042336463928222656250
0.1863678619029949801166878842195728793740272521972656250
0.2604998682485360483873648718144977465271949768066406250
-0.0057522247899201555537684882324356294702738523483276367
-0.3187593878484152321028943788405740633606910705566406250
0.2943986357789158958553343836683779954910278320312500000
-0.0396462792290055640598289699028100585564970970153808594
-0.2741777909950466329824791955616092309355735778808593750
-0.1498729177244152999115556212927913293242454528808593750
0.2426256792217959812330008162462036125361919403076171875
-0.0241643570405998681094317248607694637030363082885742188
-0.0279280568852758488695986471839205478318035602569580078
0.0304313482160329731862624669247452402487397193908691406
0.0263774553930544754243303628982175723649561405181884766
-0.0202584791034943444143490154374376288615167140960693359
-0.0651044569923006077871718844107817858457565307617187500
0.1584973496974196593978234659516601823270320892333984375
0.1492176034204103496350057866948191076517105102539062500
0.0099955122125197429228116163812956074252724647521972656
0.0089679864193322154919396638206308125518262386322021484
0.0008471145358225258287926395794897871383000165224075317
0.0006867639354484573674386460595542303053662180900573730
0.0521345062869142117367715627551660872995853424072265625
0.0494926112538207757518549101405369583517313003540039062
-0.0006161010552987480860462343734695878083584830164909363
-0.0021454044079963906395402961635454630595631897449493408
-0.1860256175713498882906549170002108439803123474121093750
-0.1746885547893849421896561580069828778505325317382812500
-0.1449253692441363206011573083742405287921428680419921875
-0.0933005054698802932522383457580872345715761184692382812
0.0148906718636561147955932327135997184086591005325317383
0.0141973856182403025683047559368787915445864200592041016
