nn
4,10,10,2
dIn
1,2,3,4,5,6,7,8,9
dIntern
,
dOut
1,2,3,4,5,6,7,8,9
normP
1.0,1.0,1.0,1.0
normY
1.0,1.0
w
-0.2041599560957510772762901751775643788278102874755859375
0.3498535164096677751999209249333944171667098999023437500
-0.0604014810189328968381694551226246403530240058898925781
0.2127536843041131775500218736851820722222328186035156250
-0.0330737374646443496595260569392848992720246315002441406
-0.2439997104957092599608614591488731093704700469970703125
-0.0394566495913847431475929283806181047111749649047851562
0.3029183283504738311009418794128578156232833862304687500
-0.1331415244934159580747490281282807700335979461669921875
-0.1318597119989382560056867532694013789296150207519531250
0.4244226037049725896999063934345031157135963439941406250
-0.6184792468286541833322189631871879100799560546875000000
0.1620558336562608059416845662781270220875740051269531250
0.0084379627545465140520120073119869630318135023117065430
0.3902466152759328510413183721539098769426345825195312500
-0.2832508376633908198094502495223423466086387634277343750
-0.5248801324141539881296125713561195880174636840820312500
0.3272795734515177024093190993880853056907653808593750000
-0.1108341196459157462772537883211043663322925567626953125
0.0464566305317780162131846566353488015010952949523925781
0.3850088963685017184879200158320600166916847229003906250
-0.3752634072600841141920113841479178518056869506835937500
0.1719554809331795830473765818169340491294860839843750000
-0.3342829035129323278496826787886675447225570678710937500
-0.4276749149597274812784064579318510368466377258300781250
0.4705994771187950731494709089020034298300743103027343750
0.2877961490577945480318078352865995839238166809082031250
-0.1626018379404285674194596822417224757373332977294921875
-0.1403822746149832600970341900392668321728706359863281250
0.0214077709664705594094780138902933686040341854095458984
0.2296619433045141156490842604398494586348533630371093750
-0.2897932266832063952222142688697203993797302246093750000
0.3262168766991479507133533388696378096938133239746093750
0.2820046719259740042318185260228347033262252807617187500
0.2997222400635790040546169166191248223185539245605468750
0.5067243552247153726142414598143659532070159912109375000
-0.1612886148478206160827852500005974434316158294677734375
-0.2231900361597032311777866198099218308925628662109375000
0.4826832846269552002027580783760640770196914672851562500
0.3163378345448265016592870324529940262436866760253906250
-0.2139311488700956498387739657118800096213817596435546875
-0.2847737747705876287795945245306938886642456054687500000
-0.5477195044064689932739042887988034635782241821289062500
0.2123253761080741153222106731845997273921966552734375000
-0.0660664567224850118876133819867391139268875122070312500
0.1893454754160766306814167592165176756680011749267578125
0.0233767659611185778245623367865846375934779644012451172
0.3806571000234797996775171213812427595257759094238281250
0.1379758323896711491585165276774205267429351806640625000
0.2826216520124381070822039418999338522553443908691406250
0.0388493948656936233243541778392682317644357681274414062
0.4268416181314915736066950557869859039783477783203125000
-0.1138874051000997450477925099221465643495321273803710938
0.3171118606377140713981077624339377507567405700683593750
0.4562907740078945284523115333286114037036895751953125000
0.3758560247688088606921041900932323187589645385742187500
0.1145395949803123397670034933071292471140623092651367188
-0.4478599063047468686882268684712471440434455871582031250
-0.8340859805839130336480025107448454946279525756835937500
0.0977989606096323904615985611599171534180641174316406250
0.2969086074114873907703326949558686465024948120117187500
-0.4597515225999538879264605384378228336572647094726562500
0.0629090032289715411772945685697777662426233291625976562
-0.1736068276885336103543266972337733022868633270263671875
-0.2034815440384230011972022111876867711544036865234375000
-0.2869824198012324578677123554371064528822898864746093750
-0.1819086468061974493082288972800597548484802246093750000
-0.4573143079296141944034559401188744232058525085449218750
0.2132049891250361595140816461935173720121383666992187500
0.2696942231965295810880434146383777260780334472656250000
-0.5146578415152923691167075048724655061960220336914062500
0.2995835469017378849265753615327412262558937072753906250
-0.1394606453943718349375302523185382597148418426513671875
-0.0204183075465510822932291290499051683582365512847900391
0.2691711021119015945224361985310679301619529724121093750
-0.4468197325557277665986077863635728135704994201660156250
-0.2897167869905670767316507863142760470509529113769531250
0.5713947935938707978209549764869734644889831542968750000
-0.1112329697754528001762963640430825762450695037841796875
-0.3601577743625827832119057347881607711315155029296875000
0.2693172981241853114475759412016486749053001403808593750
0.5395574305432558892547945106343831866979598999023437500
0.1910925888093363833597493339766515418887138366699218750
-0.0474082417976043890561754778900649398565292358398437500
0.1513736500089644665401067413768032565712928771972656250
0.4608697166729860406064744893228635191917419433593750000
0.3676482664792419252641764160216553136706352233886718750
-0.3632165352096877186660606184887001290917396545410156250
-0.3287434598718697031927149510011076927185058593750000000
0.1640769963392298413928926947846775874495506286621093750
-0.5977165807897036886586761283979285508394241333007812500
0.0668344287653999530318671418172016274183988571166992188
-0.2242236219774565719742298597338958643376827239990234375
0.2261116599400901927552354209183249622583389282226562500
-0.1097739278628766940171246346835687290877103805541992188
0.1304649276124318912906119294348172843456268310546875000
0.2829999195195253003376478773134294897317886352539062500
-0.4522851533537427526354690598964225500822067260742187500
0.0056659793258006154598183101711583731230348348617553711
-0.2175866411390654231450270117420586757361888885498046875
0.3923980715452771717011160035326611250638961791992187500
-0.3036595344353227310385534565284615382552146911621093750
0.1334880140914977142418962330339127220213413238525390625
-0.5447592881435358025399295911483932286500930786132812500
-0.1690013387789497389945836403057910501956939697265625000
0.2795287114112685045164141683926573023200035095214843750
0.6309661197033251678334409007220529019832611083984375000
0.2454255549349675102899226430963608436286449432373046875
0.1529694366218540546586979189669364131987094879150390625
0.5509535561345978438296810963947791606187820434570312500
-0.4787574397125513026018950313300592824816703796386718750
0.0994722676140849387804721004613384138792753219604492188
-0.1257022969660967215421720766244106926023960113525390625
0.2157446617746578976237969982321374118328094482421875000
0.0758026194432704220060870170527778100222349166870117188
0.2952552749359575456900017798034241423010826110839843750
-0.1905741570488711511544011045771185308694839477539062500
0.1092742931784184412524751905948505736887454986572265625
-0.3788992498079510329311858640721766278147697448730468750
0.3077822861855657454732693167898105457425117492675781250
0.3991811049004866385203627032751683145761489868164062500
0.3626156534502686379362046409369213506579399108886718750
-0.3684079330347009850754602666711434721946716308593750000
0.0308613924183066684614473729197925422340631484985351562
0.3516125737018567787295353355148108676075935363769531250
-0.1054072833307234391408968576797633431851863861083984375
-0.3800109497236289768373751485341927036643028259277343750
0.4193713086872129514048879173060413450002670288085937500
0.3739374263905727024948077996668871492147445678710937500
0.0193860018617396587248258299496228573843836784362792969
-0.1413880499818926661514950637865695171058177947998046875
-0.4141260387005130105819716845871880650520324707031250000
-0.3556752445746568791484776284050894901156425476074218750
0.0061796656916664463241040117225111316656693816184997559
-0.0757357950115257749779118512378772720694541931152343750
0.0172155851955376228146210593195064575411379337310791016
0.1355014869844888558692019842055742628872394561767578125
0.0986910428024710267846941746938682626932859420776367188
0.0787214636138264811648923569009639322757720947265625000
-0.0179052713070511938797668705092291929759085178375244141
0.3707747036777128690765437113441294059157371520996093750
-0.5071940306354104643915547967480961233377456665039062500
0.0237345487762155755995241435130083118565380573272705078
-0.5069894670714376605502593520213849842548370361328125000
-0.2054196454313589603746237344239489175379276275634765625
-0.2279726052653725520968919227016158401966094970703125000
-0.1750016204986002132937272790513816289603710174560546875
0.0112126021915043283527779749420005828142166137695312500
0.2372484305015819250339603740940219722688198089599609375
0.4157181985597668827381312439683824777603149414062500000
0.1342020125141977493488099071328178979456424713134765625
0.2302459873238533183403831117175286635756492614746093750
0.3425031396031185115802486507163848727941513061523437500
0.4348234136547570738429158154758624732494354248046875000
-0.2007963132037523801276535095894359983503818511962890625
-0.3588912920596507571957545223995111882686614990234375000
-0.2646837684245153532458516565384343266487121582031250000
0.0348635625318861747112819671201577875763177871704101562
0.0995241260159963475606659244476759340614080429077148438
0.1931024088897028423428281485030311159789562225341796875
-0.1619510524492540348706626218699966557323932647705078125
-0.0682099627763568389093862265326606575399637222290039062
0.1092682097790507039780649733984319027513265609741210938
0.2211390088058121372593944897744222544133663177490234375
0.3924918962026883728633208647806895896792411804199218750
-0.0401026738446568914442380560103629250079393386840820312
-0.3441368325869008648609792544448282569646835327148437500
-0.2037162419709221128361065211720415391027927398681640625
-0.0044113396225261367750158925105097296182066202163696289
0.0364124953451400099058155035436357138678431510925292969
-0.4457479261987226659691430086240870878100395202636718750
-0.1047871396106791752611542278827982954680919647216796875
-0.0822996457515342283439707671277574263513088226318359375
-0.1087019555984692492645038441878568846732378005981445312
0.0353554922900930906903838035759690683335065841674804688
0.0419239686079126566697894418211944866925477981567382812
0.4640212386930556709430106820946093648672103881835937500
0.1973580383978160990299244303969317115843296051025390625
0.1611924315450518896408738100944901816546916961669921875
0.0427985152950027605833760446785163367167115211486816406
0.3097248765153303162733777753601316362619400024414062500
0.2113317386025160282692070268240058794617652893066406250
-0.4615461454592880707892277314385864883661270141601562500
0.2597106855446815742993749154265969991683959960937500000
0.2732895676115638661229922945494763553142547607421875000
-0.4571392382304015344907099915872095152735710144042968750
0.2776118384265632843543869512359378859400749206542968750
-0.0913814198171744584975328962173080071806907653808593750
-0.2802245645685853547846022593148518353700637817382812500
-0.3012895997628345923224912894511362537741661071777343750
0.5105197378257864126993581521674059331417083740234375000
0.0655970510511562909794491815773653797805309295654296875
0.3375155967280863422708137022709706798195838928222656250
-0.4252049875977759740841577240644255653023719787597656250
-0.4108100096862081218596074450033484026789665222167968750
0.3684017466258767137254892531927907839417457580566406250
0.3479508069261396108196038312598830088973045349121093750
0.2188867043224914654686585890885908156633377075195312500
0.3935605896710407947125531791243702173233032226562500000
0.3846113275453141855386718361842213198542594909667968750
0.0314801167170693924068913815972337033599615097045898438
-0.0362788378678644274355491461392375640571117401123046875
0.1216665961493004904925285813988011796027421951293945312
0.1131648870742177626080859909052378498017787933349609375
0.2020984017754543782263709772450965829193592071533203125
-0.1956661901698407701744031328416895121335983276367187500
-0.4395540864961556271062192990939365699887275695800781250
0.3060936422591161165662754228833364322781562805175781250
0.6435976281265748388804581736621912568807601928710937500
0.1081097450862048975350759860702964942902326583862304688
-0.2432354050183024862796798970521194860339164733886718750
-0.1804240156562218755365023525882861576974391937255859375
0.4242137078785583326201447107450803741812705993652343750
-0.1107658907646121848600273551710415631532669067382812500
0.3429964563043318981350182639289414510130882263183593750
0.0946354091428871224689345353908720426261425018310546875
0.1889953922355730453475075591995846480131149291992187500
-0.5275375555282050266114879377710167318582534790039062500
0.5289927522505630808069554404937662184238433837890625000
-0.1070068141819402324221854883035121019929647445678710938
-0.1299325119300276110134717555411043576896190643310546875
0.1526370611260184362301117744209477677941322326660156250
0.2381802081141143334619414417829830199480056762695312500
0.2480536448245448388760792113316711038351058959960937500
-0.3888327629169471277847947021655272692441940307617187500
0.1835842422320536071467245164967607706785202026367187500
0.3021936338059887927620650316384853795170783996582031250
0.1154324155244675076392724122342769987881183624267578125
0.2390961256012960056693827937124297022819519042968750000
-0.1326311586602504921650336200400488451123237609863281250
0.4417603683666249114736501724109984934329986572265625000
-0.2832849316287728291818837078608339652419090270996093750
0.1460256616518521288750065423300839029252529144287109375
-0.3156790211405806623190528625855222344398498535156250000
0.0800435719361979047814514842684729956090450286865234375
0.2259274870113863742382420696230838075280189514160156250
-0.0716587834428378395168479642052261624485254287719726562
0.3471902980613064126913513973704539239406585693359375000
0.2445138270009810099736569100059568881988525390625000000
0.1499762930071267541531909728291793726384639739990234375
0.7477022877090354624485257772903423756361007690429687500
0.0600212335497149335195032904266554396599531173706054688
0.0496032527652074811674864918131788726896047592163085938
-0.4929790666540445065457731743663316592574119567871093750
-0.1126842196992139805145072273262485396116971969604492188
0.0747999106454414475209091506258118897676467895507812500
-0.1471803320170115836340585246944101527333259582519531250
0.3001397299524322659358688270003767684102058410644531250
0.6012967066381750269599137936893384903669357299804687500
0.2285191315988405469372679590378538705408573150634765625
0.2945608789664196924817929357232060283422470092773437500
-0.2701746510664363998266424005123553797602653503417968750
-0.3063581750868669129062027423060499131679534912109375000
-0.3748728969329279125943799044762272387742996215820312500
-0.1797740351185646845433296903138398192822933197021484375
0.0223405346491866232949696779996884288266301155090332031
-0.1794937328160427503220830658392515033483505249023437500
-0.2742051503433550752042435760813532397150993347167968750
0.4575219381515368555213285617355722934007644653320312500
-0.0871990753375705834882225531146104913204908370971679688
-0.4688469436534453138598621535493293777108192443847656250
0.1921722131942398270609828614396974444389343261718750000
-0.3762808832962521998766192155017051845788955688476562500
0.3639580676807570580599815457389922812581062316894531250
-0.1046370893185409323145051985193276777863502502441406250
0.3621953383615971744369232965254923328757286071777343750
0.3824570741559661923858470800041686743497848510742187500
-0.2680882955809026912952219845465151593089103698730468750
-0.3268491239845189855195428663137136027216911315917968750
0.1351017071277660075434567943375441245734691619873046875
0.2797996277571937473460650380729930475354194641113281250
-0.4777416031633748838558517491037491708993911743164062500
-0.2723305265512224737634028315369505435228347778320312500
-0.0525998426037085770046175525749276857823133468627929688
-0.0866924206828871002361580622164183296263217926025390625
0.4063539097408696010305106938176322728395462036132812500
0.0159038373843299087051494922206984483636915683746337891
0.5499553857846490867444799732766114175319671630859375000
0.0072850913125801454103824816854739765403792262077331543
-0.4863281349356941007933130549645284190773963928222656250
-0.2894251113718392387497146955865900963544845581054687500
-0.3534670469765314182453153080132324248552322387695312500
-0.4567674376040659622866257905116071924567222595214843750
-0.5202247590877698835143405631242785602807998657226562500
-0.4655326670759823981526892566762398928403854370117187500
-0.3985688310626557262494884525949601083993911743164062500
0.2528185227239395094223084470286266878247261047363281250
0.2895809728685559414351757823169464245438575744628906250
0.0399782448323703840098453099471953464671969413757324219
-0.4274301355729738238764525704027619212865829467773437500
-0.1401147826466186963045856828102841973304748535156250000
-0.4099018947112451627390328212641179561614990234375000000
0.2727519484421979667487789811275433748960494995117187500
0.0731083519614530580321698494117299560457468032836914062
-0.2801711865733728656913115173665573820471763610839843750
-0.1953568490786331546260612412879709154367446899414062500
0.2578366841556569144522370606864569708704948425292968750
0.5533552536165480262297933222725987434387207031250000000
-0.3464730104489557316327363878372125327587127685546875000
0.0544612676503448966958131904902984388172626495361328125
0.0779402235016461442107527091138763353228569030761718750
0.6823734691233852567293638458068016916513442993164062500
-0.0735299089179032860918994174426188692450523376464843750
-0.3550821598319388039399768786097411066293716430664062500
0.5344383525999828465913310537871439009904861450195312500
0.6261766516949660577040503994794562458992004394531250000
-0.3249653013814522983793153798615094274282455444335937500
0.3049824811497997556486438952561002224683761596679687500
-0.6843349262976713420769669937726575881242752075195312500
-0.6200621552824824300742534433084074407815933227539062500
-0.3347984355067092354651947516686050221323966979980468750
-0.2817405154601289041238487698137760162353515625000000000
-0.6043652328281789998243311856640502810478210449218750000
-0.0506611764966934524645481019433645997196435928344726562
0.3057375724995605725808900388074107468128204345703125000
-0.2996982267959309442773019327432848513126373291015625000
-0.1123651965030583316229595425284060183912515640258789062
-0.1398290175659556155984830638772109523415565490722656250
0.1228530362433778444497534110269043594598770141601562500
0.5566451903534190837063988510635681450366973876953125000
0.1058948049986445510972643546665494795888662338256835938
0.0550279255956324653276112712774192914366722106933593750
0.3455453729179520094838551358407130464911460876464843750
-0.3100921045657209496049233621306484565138816833496093750
0.3810165480329304465989537220593774691224098205566406250
-0.2370219004293582509834692473305040039122104644775390625
-0.2413954930407138932402233422180870547890663146972656250
-0.1667227304988916636308005081446026451885700225830078125
-0.1732499539097583640678834626669413410127162933349609375
-0.1644207371526745231626875920483144000172615051269531250
0.2096388378505066318879812570230569690465927124023437500
-0.3766177585599294053153585082327481359243392944335937500
0.0114486591975970740386880919459144934080541133880615234
0.1154588033363862925595455521943222265690565109252929688
0.0874355471995836019960535168138449080288410186767578125
0.5109359010844710669019264059897977858781814575195312500
0.0734117197933891740824208227422786876559257507324218750
-0.1783654401603769479311978329860721714794635772705078125
-0.5022333263279239456977620648103766143321990966796875000
0.5144144993000248078374170290771871805191040039062500000
-0.0145274883931858032198869423723408544901758432388305664
0.1034164371807138049774721366702578961849212646484375000
-0.4671527254877365642471431783633306622505187988281250000
-0.1533769707752168087733224410840193741023540496826171875
-0.0759680025491663579728651711775455623865127563476562500
0.4858303592133830783872383562993491068482398986816406250
-0.7779130207283226905445872034761123359203338623046875000
0.1727704042104075132790796942572342231869697570800781250
-0.3763641193853324851126274097623536363244056701660156250
-0.0730481482387247971210797459207242354750633239746093750
0.3646370538932780513974307723401580005884170532226562500
-0.2677131086428068962312920575641328468918800354003906250
-0.0151117929954231629274818970998239819891750812530517578
-0.3485096094134932931396519961708690971136093139648437500
0.0357914658696726478703808993486745748668909072875976562
-0.3705734017880952801959892894956283271312713623046875000
0.4075814518057943591777814162924187257885932922363281250
-0.2595030958752293503977170985308475792407989501953125000
-0.0581255987732871293172109972147154621779918670654296875
0.0201345156137105602001113879850890953093767166137695312
-0.1457445251231685723336539695083047263324260711669921875
-0.0875523245163670471580275034284568391740322113037109375
0.0512930605846651302415217799079982796683907508850097656
-0.6404659478320764431913403313956223428249359130859375000
-0.2287667300792396996023114752460969612002372741699218750
0.1204791089503113171721437879568838980048894882202148438
-0.0233646349482874333969295577162483823485672473907470703
0.1605940126971269477085257904036552645266056060791015625
-0.1021188055578222536601273873202444519847631454467773438
0.4697343130651183695789541161502711474895477294921875000
0.3494781846189474183717038613394834101200103759765625000
-0.3729704779816698234640170994680374860763549804687500000
-0.0105173619387447930817458541241649072617292404174804688
-0.1850871634173341662155110043386230245232582092285156250
0.4395329935575966739946807138039730489253997802734375000
-0.6882396800333432373975028895074501633644104003906250000
0.3294843015400976127260435077914735302329063415527343750
-0.1472931261122661095175345735697192139923572540283203125
-0.0073219108679722253937849352212197118205949664115905762
0.3574476964185606120416593967092921957373619079589843750
0.0510998030274570011477486275452974950894713401794433594
0.4786137220555997107140910884481854736804962158203125000
0.0565583863846666062835666366481746081262826919555664062
-0.0903450925366203194677439114457229152321815490722656250
0.0209123503492425998062653746956129907630383968353271484
0.1003279146418241535299031852446205448359251022338867188
0.5686939189931607963046644727000966668128967285156250000
-0.6004197151908811092013706911529880017042160034179687500
-0.4453997777789876488796494413691107183694839477539062500
-0.4211040711448451601128795118711423128843307495117187500
-0.0155943281907373471062427938704786356538534164428710938
-0.1625344976809484920377002481473027728497982025146484375
-0.3474529674662154010711390128562925383448600769042968750
0.2149795400210597895451769545616116374731063842773437500
-0.0816996902590523543796763306090724654495716094970703125
0.3599779704975981098336035302054369822144508361816406250
0.5533032005811026055042134430550504475831985473632812500
-0.2199013879923421010964545985189033672213554382324218750
0.3958639727961256737920336945535382255911827087402343750
-0.2917175358014962860409013956086710095405578613281250000
0.4899693195162708181378263816441176459193229675292968750
-0.2865846032837226498024563170474721118807792663574218750
0.2055256842834056185687074957968434318900108337402343750
0.5355386324928681496260196581715717911720275878906250000
-0.0887331812795675578531273686166969127953052520751953125
0.4479078903321183635632962705130921676754951477050781250
0.5445228703374404011228193667193409055471420288085937500
0.0100002067507647257604830315358412917703390121459960938
-0.1059299127374252469380166985502000898122787475585937500
-0.3148781544021587164294828653510194271802902221679687500
0.5335792228599494091412225316162221133708953857421875000
-0.2871682039237951622467903689539525657892227172851562500
-0.4461321468404608747704287452506832778453826904296875000
0.5064518020256058017380951241648290306329727172851562500
-0.1164749964568525392172304577798058744519948959350585938
0.2442880790647575794949375449505168944597244262695312500
-0.2220411329433927827281536337977740913629531860351562500
-0.3642117407122826278076388462068280205130577087402343750
0.5280470899037085219518417034123558551073074340820312500
0.3904094648221262398024578033073339611291885375976562500
-0.0028452910723227144498825857965584873454645276069641113
-0.0624770568845910145849842365350923500955104827880859375
-0.3361410669162301356749367187148891389369964599609375000
0.2428025801481228651557131570370984263718128204345703125
0.3148720500179277848040726439649006351828575134277343750
-0.0457446226132280434062415963580860989168286323547363281
0.4893345250765422371763690989610040560364723205566406250
0.1570005074335892036874184896078077144920825958251953125
-0.2093371506474182019985619263025000691413879394531250000
0.1491503563653386321696814320603152737021446228027343750
0.3463632961806638044244266438909107819199562072753906250
-0.0050921316126842260108009696750741568394005298614501953
-0.2958013470091481189605531199049437418580055236816406250
-0.1509065147092764347380722256275475956499576568603515625
0.1892640034941003857049679481860948726534843444824218750
0.2593305584962464216403077443828806281089782714843750000
-0.1516127160026091713618257017515134066343307495117187500
0.5327816700718839282302496940246783196926116943359375000
-0.0939670227245307937424811939308710861951112747192382812
-0.5806138275764376466270277887815609574317932128906250000
0.1902311066854420473770659327783505432307720184326171875
0.5398547896247685162762763866339810192584991455078125000
0.3708201864028701222331108056096127256751060485839843750
-0.5745413973975268540073102485621348023414611816406250000
-0.2534225443158880652916309372812975198030471801757812500
0.3146351432136970105446494017087388783693313598632812500
-0.3026424451090053424628933953499654307961463928222656250
-0.1687308701150536105473065617843531072139739990234375000
-0.0508829894756256950749673251266358420252799987792968750
-0.2314164906324939208204227725218515843152999877929687500
-0.0886880997502169504675961775319592561572790145874023438
0.2466378610351212252727037821387057192623615264892578125
-0.2592308584587809106025702021725010126829147338867187500
-0.5019413147681172082670286727079655975103378295898437500
-0.2219927158739465333781026856740936636924743652343750000
-0.1306669792887326098096423265815246850252151489257812500
0.3065627769672123470456881477730348706245422363281250000
0.3543061229354721453077559090161230415105819702148437500
-0.6236570274636457078543116949731484055519104003906250000
0.3379770558553019110803461444447748363018035888671875000
0.4873522896900213119408817874500527977943420410156250000
-0.0886998316895354077527002800707123242318630218505859375
0.2396791594087527010881188971325173042714595794677734375
0.1982753855356690630973304223516606725752353668212890625
-0.0735277763611152240796897672225895803421735763549804688
-0.2236481991025489057811626025795703753829002380371093750
0.3307748747541712219799592276103794574737548828125000000
0.0499164740500935358302747602010640548542141914367675781
0.1146427982878836099311925522670208010822534561157226562
0.3047302866120743525257807959860656410455703735351562500
0.3102909151707977097878199401748133823275566101074218750
-0.6731216574388795281791431079909671097993850708007812500
0.5089592479318111317709849572565872222185134887695312500
0.1889882491491536031791298455573269166052341461181640625
-0.1303034404524990030882491964803193695843219757080078125
-0.3972762388036695235804529602319234982132911682128906250
0.0669177294124900512439779731721500866115093231201171875
-0.7671373643760044380712770362151786684989929199218750000
0.3768626135621445660817130374198313802480697631835937500
0.1118365044260809515463961361092515289783477783203125000
0.3173767011417653050031617567583452910184860229492187500
-0.0808928822336642261436878698077634908258914947509765625
0.0769445964983634517198041180563450325280427932739257812
0.5541777953546208612678469762613531202077865600585937500
-0.4662463410179494838203595463710371404886245727539062500
0.0318425831017035768089051828155788825824856758117675781
-0.0074045649157452840538606864129178575240075588226318359
-0.2541084433978326728720276150852441787719726562500000000
0.5634404323434474282095152375404722988605499267578125000
-0.0924837889514123212553187158846412785351276397705078125
0.0932362873738215719443545026479114312678575515747070312
0.1508040380882092745817857348811230622231960296630859375
-0.3811787491334848176904870342696085572242736816406250000
0.2909065060274332870093871861172374337911605834960937500
-0.1293056391443592745282842315646121278405189514160156250
-0.3975878603726691329356413007189985364675521850585937500
0.4381289176571425691975036897929385304450988769531250000
0.0473206732783296932232097731230169301852583885192871094
-0.0611935803289055113562966425888589583337306976318359375
0.3114128094367978882850422905903542414307594299316406250
0.4232863835201616797832002703216858208179473876953125000
-0.0557778932003649766113717589632869930937886238098144531
-0.5816658143461972407806115370476618409156799316406250000
-0.0784207426553281961023600388216436840593814849853515625
-0.3893858952303548837114988145913230255246162414550781250
0.2596198120220138960689837404061108827590942382812500000
0.8382980862263772481313139905978459864854812622070312500
-0.1200034520345896610349356592450931202620267868041992188
-0.1947026379928703809785162093248800374567508697509765625
-0.0329323151697725538533667588581010932102799415588378906
0.0869392636111827876721491747957770712673664093017578125
-0.0392982282932759705018632701012393226847052574157714844
0.0416468023679086238320046220451331464573740959167480469
-0.1204892314078435250346288398759497795253992080688476562
0.0175972006497804520086525315036851679906249046325683594
-0.5012347496969343785266914892417844384908676147460937500
-0.2621202270910338305576203765667742118239402770996093750
-0.5232172655009991180108386288338806480169296264648437500
-0.1036717529256204334275892620098602492362260818481445312
-0.6478357293477109424273407967120874673128128051757812500
-0.7983340564288722296382161403016652911901473999023437500
-0.3552202666220811155817216331342933699488639831542968750
-0.0718215371781295297548552980515523813664913177490234375
-0.7725317059552103682307233611936680972576141357421875000
0.0037608548815711308720144412376384934759698808193206787
1.0596152255546227305416095987311564385890960693359375000
-0.2432366230184431765692920635046903043985366821289062500
0.0686461661042499504681302369135664775967597961425781250
0.0201176874331633857850842872494467883370816707611083984
-0.6557033420623054054132694545842241495847702026367187500
-0.6841965352073190453907614028139505535364151000976562500
0.0987556021715396137317100055952323600649833679199218750
0.2113998259728535056289899785042507573962211608886718750
-0.7109395960966866656605134267010726034641265869140625000
0.2070355178205372237432158044612151570618152618408203125
-0.3917451077800340741852380688214907422661781311035156250
-0.4655418917537630374425816626171581447124481201171875000
0.3883580554800595829867404518154216930270195007324218750
-0.2341368537620886203232117850348004139959812164306640625
0.6557733614096359353595744323683902621269226074218750000
0.3181254746239595143642020502738887444138526916503906250
-0.0492722647612497885449833745497016934677958488464355469
0.5757768136917399415253271399706136435270309448242187500
-0.0054212350008235156775815433150000899331644177436828613
-0.1316932332728016907807955249154474586248397827148437500
-0.0477842718902863547447701364490058040246367454528808594
-0.3863707523631650930795444764953572303056716918945312500
0.5062957559752325753521517981425859034061431884765625000
0.2606343524790966648119194815080845728516578674316406250
0.2449214364202640936696298012975603342056274414062500000
-0.0935986530982779452170206013761344365775585174560546875
-0.2867769769666282386744171617465326562523841857910156250
-0.9632954569625049590086973694269545376300811767578125000
-0.1172229345207865119915524587668187450617551803588867188
-0.5948523702096168985775648252456448972225189208984375000
0.1464448463484338547324625778855988755822181701660156250
-0.6597997375911576201090724680398125201463699340820312500
0.1284288031856778422579168363881763070821762084960937500
0.6142219452435022652991847280645743012428283691406250000
0.0092537724821020427012907560992971411906182765960693359
-0.0970543703017487796591566961978969629853963851928710938
-0.5293668657274235300747022847644984722137451171875000000
0.3006424698718406784969658929185243323445320129394531250
-0.1603155822123901730336115178943146020174026489257812500
0.4846515872446075512414154218276962637901306152343750000
0.1097932340974642623221413373357790987938642501831054688
0.2314162406825962248202444015987566672265529632568359375
-0.0738015021675521715183165838425338733941316604614257812
0.1055465160084038539478612506172794383019208908081054688
0.0330891569743305483108919418100413167849183082580566406
-0.4563580832914844731540426892024697735905647277832031250
-0.1783303007628617431468143195161246694624423980712890625
-0.0102343876789247594655263284835200465749949216842651367
0.2713061677506493629685735413659131154417991638183593750
-0.2288587480152361464114108002831926569342613220214843750
-0.0726282807104089017657955196227703709155321121215820312
-0.1966732891813274541892297975209658034145832061767578125
-0.4503347165131846852048624896269757300615310668945312500
0.3463030935806582499836281385796610265970230102539062500
-0.0155000871467650767204782269459428789559751749038696289
-0.0360144998990112943926256150461995275691151618957519531
-0.2768022505506270714015215617109788581728935241699218750
-0.7599024957380184908117826125817373394966125488281250000
0.1342433133342194329085117487920797429978847503662109375
-0.3100992770088192296285001248179469257593154907226562500
0.6202498656444507263429954946332145482301712036132812500
-0.7949844975814303049688192004396114498376846313476562500
0.4319576088185738127478430214978288859128952026367187500
0.4610458340078708583398281461995793506503105163574218750
-0.0114116281522662378622445800147033878602087497711181641
-0.0965218795649027960781296542336349375545978546142578125
-0.1558985528838423839648186230988358147442340850830078125
0.6239414446892821430878939281683415174484252929687500000
-0.2525278939394937083307013381272554397583007812500000000
0.3666081488511002128838356384221697226166725158691406250
0.2797519597435360050319275160290999338030815124511718750
0.2829617748764448603715493391064228489995002746582031250
-0.0392561767801673719424648822950985049828886985778808594
-0.1898898334083720107479109628911828622221946716308593750
0.0166521390387173208458282402943950728513300418853759766
-0.6367966191916248908100328662840183824300765991210937500
0.5029200906571862361715830047614872455596923828125000000
0.6891961244827151666925146855646744370460510253906250000
-0.1863413150893289960130516647041076794266700744628906250
0.7888062913353478533551310647453647106885910034179687500
0.4889096778660625419732355112500954419374465942382812500
-0.2295801921351829089079643608783953823149204254150390625
-0.1594675187529161208832562124371179379522800445556640625
0.4594350596692771127038668055320158600807189941406250000
-0.1138500665445233012151859952609811443835496902465820312
0.1698768884897226549846038778923684731125831604003906250
-0.1700860226880207826116730984722380526363849639892578125
-0.3962910260237836879149142532696714624762535095214843750
-0.4958114204101163879911950971290934830904006958007812500
-0.5027199430609784469581313715025316923856735229492187500
0.1806981199602436805040639455910422839224338531494140625
-0.2734509454006986972629533738654572516679763793945312500
0.1162897298034419740764278117239882703870534896850585938
-0.2012865009315879250006986467269598506391048431396484375
0.0081449952048455436653950911818355962168425321578979492
-0.2433914918260859372445281678665196523070335388183593750
-0.2130154993731936119427672338133561424911022186279296875
0.2213428740966134899981199168905732221901416778564453125
0.1503600349087767795719372543317149393260478973388671875
-0.0992288696391721708467414941878814715892076492309570312
-0.0034687164068787274852356805610043011256493628025054932
0.5847056034479860553432217784575186669826507568359375000
0.0192457615110366159205668168397096451371908187866210938
-0.1649000731794206808800140606763307005167007446289062500
-0.1347274378148191342763340117016923613846302032470703125
0.3834684831088786549635472056252183392643928527832031250
-0.1217917832527905808159829348369385115802288055419921875
-0.9406347717184248002908475427830126136541366577148437500
0.1430957311801333009526615569484420120716094970703125000
-0.2657101711729629722746892639406723901629447937011718750
-0.3396302347621359407625618587189819663763046264648437500
-0.4097804284004520347650668554706498980522155761718750000
-0.0459500822793872387705960136372596025466918945312500000
0.2010036339439476293922126615143497474491596221923828125
-0.1566239858629496217723442441638326272368431091308593750
0.3976482868514289448214071853726636618375778198242187500
0.1989608245244536555151881884739850647747516632080078125
0.0921000766035588031011016596494300756603479385375976562
0.4736295181160427580913108158711111173033714294433593750
-0.2649671288499399479654528022365411743521690368652343750
0.0236399654838993639183186701302474830299615859985351562
-0.4447693204401934052860667634377023205161094665527343750
-0.6673731817986540137965789654117543250322341918945312500
0.3359008839546988034463481653801864013075828552246093750
0.0460893194793635871397974312912992900237441062927246094
0.4175908420167427359537271058798069134354591369628906250
0.1233528695115316264896421216690214350819587707519531250
0.2231644360387903258668984562973491847515106201171875000
0.2609582803759921132424892675771843641996383666992187500
-0.5022463824391015796422266248555388301610946655273437500
0.5888013766341645416346750607772264629602432250976562500
-0.0368159800210334023362612754226574907079339027404785156
0.0667206874859542775624277055612765252590179443359375000
-0.2205197919733171696421436536184046417474746704101562500
0.2283920511052505986082650224489043466746807098388671875
-0.3478916862857031611078184596408391371369361877441406250
-0.4853708940648687186758536427078070119023323059082031250
0.1680774218087053573089661995254573412239551544189453125
0.3534008300751467213096645991754485294222831726074218750
-0.3485408169178842996416278765536844730377197265625000000
-0.7772124087158015504073205192980822175741195678710937500
0.0900196459284098582376287822626181878149509429931640625
0.1737193989256409221155763589194975793361663818359375000
0.3833974833623178257724362083536107093095779418945312500
0.7510332830006195559136017436685506254434585571289062500
0.2169586584849437227440205333550693467259407043457031250
0.5750250750067158467260242105112411081790924072265625000
0.2480795919641221036755496243131347000598907470703125000
0.5652732021276152263311587375937961041927337646484375000
-0.1898545396959230024958031890491838566958904266357421875
-0.5518635982904350756328426541585940867662429809570312500
-0.1343713386621301630885483291422133333981037139892578125
-0.2612059696745067660650363450258737429976463317871093750
-0.2140870924627967519793259043581201694905757904052734375
0.1601504623375840374865930471059982664883136749267578125
0.2293982187500031022509006106702145189046859741210937500
0.2134883576631066981477147237455938011407852172851562500
