nn
4,10,10,2
dIn
1,2,3,4,5,6,7,8,9
dIntern
,
dOut
1,2,3,4,5,6,7,8,9
normP
1.0,1.0,1.0,1.0
normY
1.0,1.0
w
-0.6411114630688036220007575138879474252462387084960937500
-0.0337037289500730641300663137371884658932685852050781250
-0.0314582261953222919181882843986386433243751525878906250
-0.3919654951640473283802634796302299946546554565429687500
0.6541981133590313302050844868062995374202728271484375000
-0.0854482134866948600526725954296125564724206924438476562
0.7014835036222440978193048977118451148271560668945312500
1.2851423046872541000595902005443349480628967285156250000
0.6392201438803197799387589839170686900615692138671875000
-0.6261938689975536931342503521591424942016601562500000000
0.3775183298958774136266924870142247527837753295898437500
0.4729701203705414247480121048283763229846954345703125000
-0.3118816632102341390719857372459955513477325439453125000
-0.2244365382715595991225399075119639746844768524169921875
0.1090700087479054003480882784060668200254440307617187500
-0.1010606364530640677301676078059244900941848754882812500
-0.3588664668235538313112442665442358702421188354492187500
-0.2914539904927045954607933708757627755403518676757812500
0.5735226136682294306723406407400034368038177490234375000
0.3898383556756336854043354378518415614962577819824218750
-0.6003280780143910311252852807228919118642807006835937500
0.1483229228024973700428290612762793898582458496093750000
-0.5288925009478412375685252300172578543424606323242187500
-0.1685029383463249041952281004341784864664077758789062500
-0.1713228887777199505038083771069068461656570434570312500
0.3283978671005133298521627693844493478536605834960937500
1.1922570920912867187269057467347010970115661621093750000
-0.3295079557223651312014567338337656110525131225585937500
-1.3291128860557845925427500333171337842941284179687500000
0.7015750581216331216438675255631096661090850830078125000
0.3285703528017978602981941094185458496212959289550781250
0.0031242302290711877754691983000157051719725131988525391
-0.3185180221699304703442123809509212151169776916503906250
-0.8960213911350584092829762994369957596063613891601562500
0.1087009234998851242570694353162252809852361679077148438
0.1425030368730814955835484170165727846324443817138671875
0.5692860399221837397476519981864839792251586914062500000
0.0508882047811614127152957109956332715228199958801269531
-1.0816882257378881426745920180110260844230651855468750000
1.1552079960081629295132188417483121156692504882812500000
-0.1395208501580318949386594340467127040028572082519531250
0.1821942654178687892585486451935139484703540802001953125
-0.0811152218249946016515039559635624755173921585083007812
-0.2457235575428725615765301881765481084585189819335937500
-0.1643634701514702090019426350409048609435558319091796875
0.0002929642379320834821854191432066727429628372192382812
0.2382117004027224094198089687779429368674755096435546875
-0.2831117432898815899910971438657725229859352111816406250
0.5247974969086908192394957950455136597156524658203125000
0.1690660030958209270046666006237501278519630432128906250
-0.1415038221559263009741158612087019719183444976806640625
-0.5195221371761137296729771151149179786443710327148437500
0.6107209685905822249551988534221891313791275024414062500
0.7846770189764730174530882322869729250669479370117187500
-0.0845480408338553784952651426465308759361505508422851562
0.2851126672112733739794521170551888644695281982421875000
-0.5697851374777667121662716454011388123035430908203125000
-0.3388456645425781399438847074634395539760589599609375000
-1.0843920526835841844359720198553986847400665283203125000
-0.0790692074113081289077342717064311727881431579589843750
-0.1437164405888231299979196364802191965281963348388671875
0.1353370278393093983915207445534178987145423889160156250
0.1896071823072013884381448178828577511012554168701171875
-0.1376702349813513914789098180335713550448417663574218750
-0.3218280018367374872845232403051340952515602111816406250
0.1370901221251682733370813593865022994577884674072265625
0.2365267010481141018995998592799878679215908050537109375
0.1077394955782832175472663038817699998617172241210937500
-0.2480643220119277125856882548760040663182735443115234375
0.0397703791579470666839313253149157389998435974121093750
0.0498711322808997395417129894212848739698529243469238281
-0.6429118926407837442127402027836069464683532714843750000
-0.2484325377862534045547704408818390220403671264648437500
-0.0156439956436483507129509007427259348332881927490234375
0.6463931765726965705809448081708978861570358276367187500
-0.3749114686567615595258473604189930483698844909667968750
0.5739018859378207659815984698070678859949111938476562500
0.6081338897222235972961357219901401549577713012695312500
0.2518064969447960654846951911167707294225692749023437500
0.1145423654207035207841514079518674407154321670532226562
-0.1033507608487703732791374022781383246183395385742187500
0.2152702032973360657397421391578973270952701568603515625
-0.1899261531068872910221756455939612351357936859130859375
0.5981688840152991071263954836467746645212173461914062500
0.1762819374257454385634957816364476457238197326660156250
-0.0405165515902551898186345624708337709307670593261718750
-0.0986854842680320032410890007668058387935161590576171875
0.3898467785297794474530519437394104897975921630859375000
-0.7300927019585726762684885216003749519586563110351562500
0.3045737960184677350916615523601649329066276550292968750
0.5239961529083063673795095382956787943840026855468750000
0.0157972571119971427755501736100995913147926330566406250
0.2397510270977229462907587276276899501681327819824218750
-0.0227443561360716195451914245495572686195373535156250000
-0.3702335088706915078304859889612998813390731811523437500
-0.2053260800955959697322583679124363698065280914306640625
0.1092126270440470364730956021048768889158964157104492188
0.6859391363032487642925616455613635480403900146484375000
-0.1449663477749060236376976718020159751176834106445312500
-0.1128699273705471017859025550933438353240489959716796875
0.0662806648256170360955508158440352417528629302978515625
0.2220511174364712403406230123437126167118549346923828125
-0.0084299807270934307146248443132208194583654403686523438
-0.0914036083773953622610974889539647847414016723632812500
0.3352769564040073424493471065943595021963119506835937500
-0.2969241722122734628008799973031273111701011657714843750
0.6403287843579292815121561943669803440570831298828125000
0.1560269644489644669249628350371494889259338378906250000
0.5684758949052748366881360198021866381168365478515625000
0.0580989961078266364813416089418751653283834457397460938
0.5067587609078101351656187034677714109420776367187500000
-0.4619625861636159624978859028487931936979293823242187500
0.0601968132367442648744670918858901131898164749145507812
0.1321671980661996426142934524250449612736701965332031250
0.0976588030942288076730051216145511716604232788085937500
-0.3101553350414979481897148616553749889135360717773437500
0.3942920091822283978899577050469815731048583984375000000
0.5025643027169348631133516391855664551258087158203125000
-0.1770981294474534006866406343760900199413299560546875000
0.0280128281491351521781396627375215757638216018676757812
0.1363879958077116039127929525420768186450004577636718750
0.0608424410068466869905279281738330610096454620361328125
0.2476378195089447564747331398393725976347923278808593750
-0.0848134774164579496869009744841605424880981445312500000
0.5565140053814428000578118371777236461639404296875000000
-0.2438593111792551615391033692503697238862514495849609375
-0.3393003835462896633501372889440972357988357543945312500
-0.2400833477109970970353458596946438774466514587402343750
0.1607983457010745409476726308639626950025558471679687500
-0.2754658044770386671196149563911603763699531555175781250
0.1610003789040997390635823194315889850258827209472656250
-0.0115827851088347588692784029262838885188102722167968750
0.1586340711421381499679483795262058265507221221923828125
0.2836015304292428540477999376889783889055252075195312500
-0.3515342683000995394060339549469063058495521545410156250
-0.0440181730168889562282430460982141084969043731689453125
0.0964712011837493554899936043511843308806419372558593750
0.6181901739228745640275519690476357936859130859375000000
-0.7024030050808499625603076310653705149888992309570312500
-0.0693484420370300419511622180834820028394460678100585938
-0.3724121072665680376445607180357910692691802978515625000
-0.2067837034661023920545375176516245119273662567138671875
0.2826524476795288509656245423684595152735710144042968750
-0.2118555796521215395245008039637468755245208740234375000
0.2480839045699993472560151985817356035113334655761718750
0.0852238353580191537739452201094536576420068740844726562
-0.1143212407206899428047108813188970088958740234375000000
-0.1446439490198281330179952419712208211421966552734375000
0.0394612560618187724337246891082031652331352233886718750
-0.4812216771836176354426584111934062093496322631835937500
0.2588953536244962827517213099781656637787818908691406250
0.1253742505780065519260801920609083026647567749023437500
0.1357903042773837554157978502189507707953453063964843750
0.1460635199342539269906637855456210672855377197265625000
-0.3722653849470058950998918589903041720390319824218750000
-0.4121167342837064873073416038096183910965919494628906250
0.1443817212345681610941028338856995105743408203125000000
-0.1446985865299197926425733840005705133080482482910156250
-0.0437201866541023775880603352561593055725097656250000000
-0.1511928138816531208554749809991335496306419372558593750
-0.4557697184433290304994557118334341794252395629882812500
0.3292397491925492802877784015436191111803054809570312500
-0.6726970654729155230100445805874187499284744262695312500
-0.4755065814664102830100489427422871813178062438964843750
0.3384358531178059958932635709061287343502044677734375000
0.0264715578131070605749641799775417894124984741210937500
0.0072808231487400398851406180256162770092487335205078125
-0.8951870013675625736837559998093638569116592407226562500
0.7252207061335840254656659453758038580417633056640625000
0.1495949738360982106399887925363145768642425537109375000
-0.2628759319341389399937725102063268423080444335937500000
-0.2859582548642379262737733824906172230839729309082031250
0.5138033450116159528420212154742330312728881835937500000
0.4357775646538820102371403208962874487042427062988281250
-0.2911023723842987576126972726342501118779182434082031250
0.2300396448329454224257517580554122105240821838378906250
-0.0959635410832340995934686134205549024045467376708984375
-1.0471628530966328174400814532418735325336456298828125000
-0.7031622438811777620060183835448697209358215332031250000
-0.0240146681718546167738637109323462937027215957641601562
0.2514976738389113064542357278696727007627487182617187500
0.3712137602640593891933917802816722542047500610351562500
0.3301546401075901582267135836445959284901618957519531250
0.2369194901489550808548756322124972939491271972656250000
0.0206664113506990210211711200827267020940780639648437500
-0.0498079997678052693865780042870028410106897354125976562
-0.2652871672218886089922307291999459266662597656250000000
-0.2083993126015867280997895250038709491491317749023437500
-0.5243117574008857584288989528431557118892669677734375000
0.1045482900683272486919150878748041577637195587158203125
-0.4135954920819348568095108475972665473818778991699218750
0.3551159778298684788211403429158963263034820556640625000
0.2872008083639370212836183782201260328292846679687500000
0.0238856123064792175147985631156188901513814926147460938
-0.0443596778100196556526846336510061519220471382141113281
-0.3237817779425373743151794769801199436187744140625000000
0.2859383545600931997299198883411008864641189575195312500
-0.1003086460678274116631314427650067955255508422851562500
-0.0520304344765496890046208022795326542109251022338867188
-0.2891553033469721478709857365174684673547744750976562500
0.0610616942847044957831670330961060244590044021606445312
-0.0430293438366023545116334503291000146418809890747070312
-0.4996873734354911888999595248606055974960327148437500000
-0.6292470367954178245284424519923049956560134887695312500
0.3184105904458210956065045138529967516660690307617187500
-0.3085212164173694038282746987533755600452423095703125000
0.5476103477307007194596621957316529005765914916992187500
0.0833028510874599531499384852395451162010431289672851562
0.6271819889041754247926974130677990615367889404296875000
-0.3734437659504881157346289910492487251758575439453125000
0.4795706922511168146527893441088963299989700317382812500
-0.3472694072437911838591162450029514729976654052734375000
-0.1125374291401472492957225313148228451609611511230468750
-0.1695632778367330284474689960916293784976005554199218750
-0.0465595913986408815876671951627940870821475982666015625
-0.1885046365566204473740441471818485297262668609619140625
0.3735179986379482119929207328823395073413848876953125000
0.9698971842192456449538440210744738578796386718750000000
0.0918487656388457807121739051581243984401226043701171875
-0.1116143222278877383812911716631788294762372970581054688
0.1769721851538923751423482144673471339046955108642578125
-0.0922575535884926356544610825949348509311676025390625000
-0.5053625864815862733792073413496837019920349121093750000
0.2984066007151718324941214177670190110802650451660156250
-0.2390481290678087011869479283632244914770126342773437500
0.3242377302007007910944480499892961233854293823242187500
0.2391883607673912504054669625475071370601654052734375000
0.2792582358447823764890927122905850410461425781250000000
0.6635614638166176249001182441134005784988403320312500000
0.0695221258245334039482798971221200190484523773193359375
0.3866132031128627355442972657328937202692031860351562500
-0.0347792926327696594324123680053162388503551483154296875
-0.3327043283577792998073618946364149451255798339843750000
0.1094867732787624947654592233448056504130363464355468750
-0.1024213576422057514481167572739650495350360870361328125
-0.0869749745792288697643357409106101840734481811523437500
0.2642176947793960506416510725102853029966354370117187500
-0.3582620012223275418605794584436807781457901000976562500
0.1610153143128703057129769149469211697578430175781250000
0.0728958687867787280545428529876517131924629211425781250
0.0253350898985726935563889128388836979866027832031250000
-0.2943314557727425007094268494256539270281791687011718750
0.3119931216722989231193707837519468739628791809082031250
0.7605097129307777370499366043077316135168075561523437500
-0.1737267272498231873711915795865934342145919799804687500
0.1154601867895675842978775449410022702068090438842773438
-0.1134985012613271698755923466706008184701204299926757812
0.0593184716463435318667407614157127682119607925415039062
-0.8490223862412971111979231864097528159618377685546875000
0.2356126369941715648081981271388940513134002685546875000
-0.0120051324955312010978047965181758627295494079589843750
0.5585904552599649797173242404824122786521911621093750000
-0.1857673820255320851213554078640299849212169647216796875
-0.0454144575137145414811534749333077343180775642395019531
0.3680666799561079782776573665614705532789230346679687500
-0.2461152627184296504125882165681105107069015502929687500
0.0565094860784512709184213008484221063554286956787109375
0.9790437463802668105472548631951212882995605468750000000
0.1282937820233011061432648602931294590234756469726562500
-0.0597619764424316274320503339367860462516546249389648438
-0.3201163565112667419576553129445528611540794372558593750
-0.3932430874585821078959213537018513306975364685058593750
-0.4000651610808426128507164776237914338707923889160156250
-0.4109002792705526152516881666088011115789413452148437500
0.2363273577856024043608584861431154422461986541748046875
0.0175261526910895359954167815885739400982856750488281250
0.0285983823853954155502776757202809676527976989746093750
0.2529732794742514667696298147347988560795783996582031250
-0.1041326010180989580788946113898418843746185302734375000
0.2397910252854367763042375827353680506348609924316406250
0.0519768429313487295706508461989869829267263412475585938
-0.0743547008776094392468181126787385437637567520141601562
-0.1608992057004389741869943009078269824385643005371093750
-0.5425251414788264670008288703684229403734207153320312500
-0.4035450054157641019969560147728770971298217773437500000
0.2399474005562080847209216472037951461970806121826171875
-0.3831171058528127781883654279226902872323989868164062500
0.3652112196153326495462465572927612811326980590820312500
-0.8933056780942696395442226275918073952198028564453125000
-0.4168852084475241914773846474417950958013534545898437500
0.1039588112530911573339054143616522196680307388305664062
0.0366490966225938297196051962600904516875743865966796875
0.3740669563576240475022416376305045560002326965332031250
-0.2530433986587956041169888976583024486899375915527343750
0.0121611587932678247292450635086424881592392921447753906
0.0302370564911080205727778036361996782943606376647949219
-0.2639864042752665396207589765253942459821701049804687500
-0.4217493941830554593508395555545575916767120361328125000
0.4122761356098294527328107506036758422851562500000000000
-0.1272590029880937834150245180353522300720214843750000000
0.2458136463228687285109685944917146116495132446289062500
0.1183416653798057688318223767964809667319059371948242188
-0.6258272471410183390716497342509683221578598022460937500
-1.0170959245508361945553588157054036855697631835937500000
0.2998163927849347709653216043079737573862075805664062500
0.0192392334692843558485719768214039504528045654296875000
-0.2006115764558464298339401921111857518553733825683593750
-0.8544550183140454668873076116142328828573226928710937500
1.2934320492736031127378737437538802623748779296875000000
-0.0169099289953124759522395947897166479378938674926757812
-0.3063142050605437982646606087655527517199516296386718750
-0.1110578802394439207334997377074614632874727249145507812
-0.3330468378563131714997780363773927092552185058593750000
-0.8840567745916764197389170476526487618684768676757812500
0.3127070302282848324182396027026697993278503417968750000
0.0549238140573644825770394106712046777829527854919433594
-0.5870382432716975129594061399984639137983322143554687500
0.7401159709856535151573098119115456938743591308593750000
-0.5367924717868677308985070339986123144626617431640625000
-0.3282763747939430043487618604558520019054412841796875000
0.3024855544995202483171681251405971124768257141113281250
-0.3717555325069715199681752437754767015576362609863281250
-0.0001294399345338100026925332031169091351330280303955078
-1.0334670538135490858167031547054648399353027343750000000
0.5492225991986712241299528614035807549953460693359375000
0.0537395292756950859747178128600353375077247619628906250
0.2779199482271203502925516204413725063204765319824218750
0.2085291713487074927169118154779425822198390960693359375
-0.7838940135505633177714912562805693596601486206054687500
0.6032373121483877165260878427943680435419082641601562500
0.3121976384516202962515762919792905449867248535156250000
0.0215090496599627117868536174682958517223596572875976562
0.6824010819064811883549737103749066591262817382812500000
0.6377606407117579756516079214634373784065246582031250000
-0.4909945303701082064407046345877461135387420654296875000
-0.0663537455461948727508669776398164685815572738647460938
-0.3953506045439335592206475666898768395185470581054687500
-0.8855420758797505342840850062202662229537963867187500000
-0.8639722474186809497709305105672683566808700561523437500
0.3210006267428637816152559025795198976993560791015625000
-0.4350440691042153362744215883139986544847488403320312500
-0.3958690314107194963000324605673085898160934448242187500
-0.1399493893687081547128059355600271373987197875976562500
0.0120532112905812338610189726750832051038742065429687500
0.0472354058888387329240288181608775630593299865722656250
0.3064274734331272620480035584478173404932022094726562500
0.2158399513244086409535782422608463093638420104980468750
0.4326095260331968006539682392030954360961914062500000000
0.0777929622055476832631626393776969052851200103759765625
-0.1150091642282460302482149927527643740177154541015625000
-0.2292311061856041609630096900218632072210311889648437500
0.1509782263821344838738980342895956709980964660644531250
-0.4997141746349290647444263413490261882543563842773437500
-0.5790981256885699979264359171793330460786819458007812500
0.4454187868884512124800778565258951857686042785644531250
-0.2135859031387404016744113732784171588718891143798828125
-0.3075222143779837158383827500074403360486030578613281250
-0.1367547280336798842803602838102960959076881408691406250
0.4897530289229882205503940895141568034887313842773437500
-0.2743377215307952754486109370191115885972976684570312500
-0.1126337848329889840259809830058657098561525344848632812
0.2759389369791293011857646888529416173696517944335937500
-0.0894153825807727647978495610914251301437616348266601562
-0.1354861337447564595404259080169140361249446868896484375
0.1760878732116596123713492261231294833123683929443359375
-0.3986016705053774256128917841124348342418670654296875000
-0.1267833859370308680070138507289811968803405761718750000
-0.0244071157409961048134761085748323239386081695556640625
0.8253935337340622124813194204762112349271774291992187500
0.3314136067355974990533695745398290455341339111328125000
0.3924775970836140714936846052296459674835205078125000000
-0.4471564469452610768307465605175821110606193542480468750
0.3185838143025002677788393157243262976408004760742187500
0.4474031334760146805251679325010627508163452148437500000
-0.1848545065985612856351849586644675582647323608398437500
-0.4476846369751235066303252096986398100852966308593750000
-0.4043316605302117450193577496975194662809371948242187500
-0.4542622698365687550214886414323700591921806335449218750
0.2606941281409355104514702361484523862600326538085937500
-0.3795836436166363236921483803598675876855850219726562500
0.3063160662267018219395708911179099231958389282226562500
0.0889406230500938699279345200920943170785903930664062500
0.0601722866269178147113905197329586371779441833496093750
-0.0018503636923190569518737902399152517318725585937500000
0.0466031183544413918351523307137540541589260101318359375
-0.4316056010988713609322076081298291683197021484375000000
0.2950583692896858178933428007439943030476570129394531250
-0.0094243464933307773828685682815375912468880414962768555
0.1642313299582285057720554277693736366927623748779296875
0.0069827609025795572827988166864088270813226699829101562
-0.4610806545990608351637263240263564512133598327636718750
-0.3964195350510560933443571229872759431600570678710937500
0.2513278839763998795397981211863225325942039489746093750
-0.4108643654413985935036635055439546704292297363281250000
0.3923304104034557870939181611902313306927680969238281250
-0.1671369900385296092260034583887318149209022521972656250
0.5869914316787889774218456295784562826156616210937500000
-0.0997351983256920260334510430766385979950428009033203125
0.1768050044028607326040969383029732853174209594726562500
-0.2981097628837162671899818633391987532377243041992187500
0.2398635740199019372731470411963528022170066833496093750
-0.1344833966164689087463557370938360691070556640625000000
0.1870989292306768081441958884170162491500377655029296875
-0.0885747886617197915937182983725506346672773361206054688
0.5630788365402564776829308357264380902051925659179687500
0.2921708741611527271331283373001497238874435424804687500
0.3560105253545481351906687450536992400884628295898437500
-0.4348876115477204318260362470027757808566093444824218750
-0.1975807083777091355258903604408260434865951538085937500
0.0501332794443841156528662850178079679608345031738281250
-0.4226104254538950999453561507834820076823234558105468750
0.1744368956614431309670720793292275629937648773193359375
-0.4088025586165395797166866032057441771030426025390625000
-0.5199010934591393739978570920357014983892440795898437500
-0.3794223405825976058736159757245332002639770507812500000
-0.3101093570453916647977621323661878705024719238281250000
-0.4772944835440574573581784534326288849115371704101562500
0.0421670104488428496014584823115001199766993522644042969
0.1500488738594878412868638406507670879364013671875000000
-0.0368683155304187423761952402401220751926302909851074219
0.2903647309597835457495307309727650135755538940429687500
0.1779425778733478291648850699857575818896293640136718750
-0.2083818466414434356082097110629547387361526489257812500
0.2709731509531053128547739561327034607529640197753906250
0.3736966159660174979784130755433579906821250915527343750
0.4555866974161588700553693342953920364379882812500000000
0.2119540318250158206225819412793498486280441284179687500
0.2989517048694412260090302879689261317253112792968750000
-0.3287810864537429877962892987852683290839195251464843750
0.1191708583955302658274888472078600898385047912597656250
0.4309199424775509434937248443020507693290710449218750000
0.5320728707688257008712184870091732591390609741210937500
-0.0487090591544637740994971863983664661645889282226562500
-0.1354053635430744195744523494795430451631546020507812500
-0.2260037559893330327831506565416930243372917175292968750
0.3329627379726649016866701913386350497603416442871093750
-0.1235787467119738580745291756102233193814754486083984375
0.1584997088943740917166280723904492333531379699707031250
-0.0540596682058129759940179326349607435986399650573730469
0.2775133120142685982933983268594602122902870178222656250
-0.1947865550139369905657815706945257261395454406738281250
0.2910611535459352583465886254998622462153434753417968750
-0.1151758044107469153294331931647320743650197982788085938
-0.5100851905387551177284422010416164994239807128906250000
-0.0280219440040265638236505196800862904638051986694335938
-0.6332733417513954909949802640767302364110946655273437500
-0.1104609849789098541261722630224539898335933685302734375
-0.2479115171563419373068626327949459664523601531982421875
-0.1714234804168422721115661033763899467885494232177734375
-0.2405325029522303592610654732197872363030910491943359375
-0.1816866036596352651510954956393106840550899505615234375
-0.2312548539308516282186900525630335323512554168701171875
-0.4588404763534521535461863095406442880630493164062500000
0.1750594884909612014567414917109999805688858032226562500
-0.2443687760402143693827525794404209591448307037353515625
-0.2932453744730873501644907719310140237212181091308593750
0.3828189804194403467185736644751159474253654479980468750
-0.1398442531264544874680666453059529885649681091308593750
0.3199491994459446320142603781278012320399284362792968750
0.0196334329805822396797232443077518837526440620422363281
0.2500773360058408667505602807068498805165290832519531250
-0.6563508423262460755864822203875519335269927978515625000
-0.0342330312500169417488926626447209855541586875915527344
0.5949997544318496034421173135342542082071304321289062500
0.2331810166677246998201411543050198815762996673583984375
-0.6607341533410497902423230698332190513610839843750000000
-0.4823526676362607235049040355079341679811477661132812500
-0.0234463323210189478196241452678805217146873474121093750
0.6609138263017402259436039457796141505241394042968750000
0.1376108558874358511747715283490833826363086700439453125
-0.4858085558054177632847370205126935616135597229003906250
0.1166113383042706314052239235934393946081399917602539062
-0.2878780797129631974229369006934575736522674560546875000
-0.5915726944006073351189911591063719242811203002929687500
0.0850007914622387117375978959898930042982101440429687500
-0.2727849273791543849299046087253373116254806518554687500
-0.1994515592570669515470882515728590078651905059814453125
0.0881147691747545258600382567237829789519309997558593750
0.5541394121679176221206830632581841200590133666992187500
-0.1556710140825522670215974585516960360109806060791015625
0.4069240177892222143363198938459390774369239807128906250
-0.2809619986472751129724656493635848164558410644531250000
-0.1245941369913852181383617789833806455135345458984375000
-0.3783856725730327386081341956014512106776237487792968750
0.2755344458218676462202267885004403069615364074707031250
-0.2141089493534794607754179196490440517663955688476562500
-0.2437371871874629558618607916287146508693695068359375000
-0.1536435815474684885018064051109831780195236206054687500
0.1707879677421547948146240969435893930494785308837890625
-0.2728136154294509285733738579438067972660064697265625000
-0.6314269424193738045048007734294515103101730346679687500
0.2407139537353121250262688590737525373697280883789062500
-0.4699255072276447009471667115576565265655517578125000000
-0.2950180876271288332723941039148485288023948669433593750
-0.2743755398752442120624550625507254153490066528320312500
0.0353384999832724450152809936298581305891275405883789062
-0.3353089575249179610239025350892916321754455566406250000
0.5663838122253239681924696924397721886634826660156250000
0.1908725693682161439479472164748585782945156097412109375
-0.3468294606219016751325057157373521476984024047851562500
-0.0387400362444107054793462907582579646259546279907226562
-0.2204437486308721272365573895513080060482025146484375000
0.2525267125252459998741016988788032904267311096191406250
-0.1070675774741778191190277880195935722440481185913085938
-0.1484131420668491907477459790243301540613174438476562500
0.6501279205011210038378521858248859643936157226562500000
0.4436679957655595973875506388139910995960235595703125000
0.4930203525844328860117116164474282413721084594726562500
-0.1524289058667597507312763127629295922815799713134765625
-0.0199851890533990494969174278594437055289745330810546875
0.5783216824383613507976065193361137062311172485351562500
0.3832455822062837968999815529969055205583572387695312500
-0.3392065470878357080763976227899547666311264038085937500
0.5855882390257474146011418270063586533069610595703125000
0.0763039158604975481514642865477071609348058700561523438
0.2907684739493198167181731150776613503694534301757812500
0.6775131006507786324277731182519346475601196289062500000
0.2265340737885337962786991283792303875088691711425781250
0.2564081951022954553032207059004576876759529113769531250
-0.1081632316870421717247552351182093843817710876464843750
0.0615129558309037705043920141179114580154418945312500000
-0.5754727965584791604669590014964342117309570312500000000
-0.2215764479087586613648142019883380271494388580322265625
0.6894315297458541991204583609942346811294555664062500000
-0.1991107033800903758358202821909799240529537200927734375
-0.1300688503969475995347693242365494370460510253906250000
-0.3218213728410522223022383059287676587700843811035156250
-0.4047434714384600118464163642784114927053451538085937500
0.1075071702646201721176311139060999266803264617919921875
-0.6698125973638717756131200076197274029254913330078125000
0.6021378300619502077495326375355944037437438964843750000
-0.2091737928186230832672265478322515264153480529785156250
-0.5838783855345330842112616664962843060493469238281250000
-0.3489613360223524640701953103416599333286285400390625000
-0.2677892721211659332603005623241188004612922668457031250
-0.3302325595614183928461216055438853800296783447265625000
0.0543408719132865702938772756169782951474189758300781250
-0.3652473150901932585910003581375349313020706176757812500
0.5033197056017584269937970020691864192485809326171875000
-0.6628682989964775895685988871264271438121795654296875000
0.0736320429383207353257745353403151966631412506103515625
0.2627390882579722641843034125486155971884727478027343750
-0.2934366123095853984281689008639659732580184936523437500
0.3258618445213767866874832179746590554714202880859375000
0.6281551819074944198462162603391334414482116699218750000
-0.1624738509794839691480206056439783424139022827148437500
0.6576051503813497012274069675186183303594589233398437500
-0.1157773212466680495813520224146486725658178329467773438
-0.1149081883509581597513360406992433127015829086303710938
-0.0784845645887687209940608568103925790637731552124023438
-0.3805017971149732836089185639139031991362571716308593750
0.7617322595171074350872686409275047481060028076171875000
0.1021211949964015569536357475044496823102235794067382812
-0.9506316720364288430644705840677488595247268676757812500
-0.1747730674058962652139825877384282648563385009765625000
-0.5493858939058900991980749495269265025854110717773437500
-0.1479569192823563805738729115546448156237602233886718750
-1.6708395621448237644557366365916095674037933349609375000
0.9261850656727589337080530640378128737211227416992187500
0.1424494685804693072661564201553119346499443054199218750
-0.1975286393246152294445039387937868013978004455566406250
-0.2184620393586008402220244306590757332742214202880859375
-0.1453236390523982290989835064465296454727649688720703125
0.1496353140164792816513283923995913937687873840332031250
-0.2463873249506883522652600504443398676812648773193359375
0.3782013270950398409198101035144645720720291137695312500
-0.4405493025674331319940790763212135061621665954589843750
-0.0547736487413154893300060166438925080001354217529296875
0.5980219496067777917858165892539545893669128417968750000
-0.0535117299876790020185524099360918626189231872558593750
0.2397815486293100595283078746433602645993232727050781250
0.1184437412239243425648993479626369662582874298095703125
0.1731308865626121351599664421883062459528446197509765625
0.0728969009493930231169400713042705319821834564208984375
0.1356191899250585308767114156580646522343158721923828125
-0.1106646355494440014943791084078839048743247985839843750
0.2406866897624460044369243405526503920555114746093750000
0.4428398885140465424115063797216862440109252929687500000
-0.4244929803981072335972157816286198794841766357421875000
-0.0739376595734118624569930489087710157036781311035156250
-0.4879052777702458376651861726713832467794418334960937500
-0.2425426208945488937285261954457382671535015106201171875
-0.2067248100982132796854529033225844614207744598388671875
0.0023742720217808932492431495120399631559848785400390625
0.4005632330562099441273460342927137389779090881347656250
0.4321868217474385542864467879553558304905891418457031250
0.1656543060678756507098086103724199347198009490966796875
-1.1351150824345859202679775989963673055171966552734375000
0.4131890102059718739013760568923316895961761474609375000
0.5689066729224583340851495449896901845932006835937500000
0.4799362066606820409475631095119751989841461181640625000
-0.2295412763760695806780631755827926099300384521484375000
-0.3784846324499975822597264141222694888710975646972656250
0.1874214527204390023928937125674565322697162628173828125
0.0152960434147479534816582713574462104588747024536132812
0.7454529686992314996274444638402201235294342041015625000
-0.4127364009981512316116436522861476987600326538085937500
0.7174482868783049749339397749281488358974456787109375000
0.2137032644188003038809853251223103143274784088134765625
1.2772521200604363134090135645237751305103302001953125000
0.1069166475743679733945157295238459482789039611816406250
-0.0900201975362456552343104476676671765744686126708984375
-0.0100129929173096154926270173746161162853240966796875000
0.0658657970971850970087757559667807072401046752929687500
-0.5398906750924702402372190590540412813425064086914062500
-0.1613508469072296724888815333542879670858383178710937500
-0.1849421935956797879985202825992018915712833404541015625
0.4447538627240922859407135092624230310320854187011718750
0.0274666881372184756848753295344067737460136413574218750
-1.0998541086398621047237611492164433002471923828125000000
0.5319024804776515402693348733009770512580871582031250000
-0.3976553637939985730298531052540056407451629638671875000
0.1100926510799196123002730018924921751022338867187500000
0.4725941869992464905436690969509072601795196533203125000
-0.3538963607178684522835965253761969506740570068359375000
-0.3249352826856095055596540532860672101378440856933593750
0.1684755897524821688371332584210904315114021301269531250
-0.6289404609182005501111234480049461126327514648437500000
-0.1876515953328786179277187784464331343770027160644531250
0.2860336832264650519519477711583022028207778930664062500
1.2468076569239943118816427158890292048454284667968750000
-0.0184228791142577175143912882049335166811943054199218750
0.3467281228952912019991572378785349428653717041015625000
0.2233693535335536106689602320329868234694004058837890625
0.7373951664013421725130115191859658807516098022460937500
-1.2436037417131702298433992837090045213699340820312500000
-0.0671236543590350842602987313512130640447139739990234375
0.2775858672239193136732637867680750787258148193359375000
0.7505599178437393215190809314663056284189224243164062500
-0.6756779428100065931772633120999671518802642822265625000
-0.1954585793086427436549001868115738034248352050781250000
1.7353284503983044118058387539349496364593505859375000000
0.6819550134945393526919588111923076212406158447265625000
-0.9451422908691791135993298667017370462417602539062500000
0.0559326350697180174620370962657034397125244140625000000
-0.3813181154350899215721426571690244600176811218261718750
-0.7329442775569134926882952640880830585956573486328125000
0.2003109246884082206285881966323358938097953796386718750
-0.4490160985654731984340060080285184085369110107421875000
-0.5425062644925947585861081279290374368429183959960937500
-0.5365697829717279709882404858944937586784362792968750000
-0.1049823526132400708377190312603488564491271972656250000
-0.3123686098654954168551967086386866867542266845703125000
0.0457575458361238335269760568735364358872175216674804688
-0.2335967098423100685167241863382514566183090209960937500
1.1425820489457998441196195926750078797340393066406250000
-0.6999526851863434595557578177249524742364883422851562500
2.4008200311437413176918198587372899055480957031250000000
0.5167036353531949677275747490057256072759628295898437500
-1.2704076234525993882584771199617534875869750976562500000
0.1426780125989754455240188235620735213160514831542968750
-0.3055608364319786218743502104189246892929077148437500000
-0.3062895513825934501461745185224572196602821350097656250
-0.0783512330685364188909147742378991097211837768554687500
-0.0189349975569290673860223250812850892543792724609375000
-0.2036008726855954020784622571227373555302619934082031250
0.1441406346312041064638975740308524109423160552978515625
-0.9900511257899766714984934878884814679622650146484375000
0.3401234543303935931035653084109071642160415649414062500
-0.2041729012418750377477749680110719054937362670898437500
-0.5238195415920693376321537471085321158170700073242187500
0.7996638300650443786921073296980466693639755249023437500
0.0146296083778181817969255007483297958970069885253906250
0.1529046104742103617812887250693165697157382965087890625
-0.0203995432826617473232033717067679390311241149902343750
0.0358460990013905744788758056529331952333450317382812500
-0.3879117844907155054912095692998263984918594360351562500
1.0693035050005992303567836643196642398834228515625000000
-0.4598503959703430510330690594855695962905883789062500000
-0.7917362811158683566503668771474622189998626708984375000
-1.3557456558592737572155328962253406643867492675781250000
-0.5506319910948991314114664419321343302726745605468750000
-0.6812469902355225981338548990606795996427536010742187500
-1.1173375767085382825882788893068209290504455566406250000
-0.3634298875813144480417804516036994755268096923828125000
0.4856572855052151416188621624314691871404647827148437500
-0.2934226099698419298889007222896907478570938110351562500
-1.1600264333499765712076623458415269851684570312500000000
0.4935953857510184672463537935982458293437957763671875000
0.3362429235457379261831079020339529961347579956054687500
-0.7226346384408158796119892031128983944654464721679687500
-0.2791289683370093976932935220247600227594375610351562500
-0.8953387987179547424787529052991885691881179809570312500
-0.6913949654430677771443924939376302063465118408203125000
-1.4204721456070337204380393814062699675559997558593750000
-0.3968905607656826317608533827296923846006393432617187500
-0.6237281330862647354962291501578874886035919189453125000
-0.4552997891489750648119638753996696323156356811523437500
-1.0436272786546161306375779531663283705711364746093750000
-0.3265979120269102975449015957565279677510261535644531250
-0.4536666132796207118182962858554674312472343444824218750
0.3634648563929323561438877732143737375736236572265625000
