nn
4,10,10,2
dIn
1,2,3,4,5,6,7,8,9
dIntern
,
dOut
1,2,3,4,5,6,7,8,9
normP
1.0,1.0,1.0035454297920339,1.0
normY
1.0035454297920339,1.0
w
1.2398329707082562656239588250173255801200866699218750000
-0.0518682233257891783795301421378098893910646438598632812
-0.8026456660679911481182102761522401124238967895507812500
0.4941468177341051815076866660092491656541824340820312500
0.4827638870415601468621957792493049055337905883789062500
0.5479808257394060966305460169678553938865661621093750000
0.2519791769477428000634233740129275247454643249511718750
-0.5919845701955650518755192024400457739830017089843750000
0.0567167167293370008684938454734947299584746360778808594
0.3884487841499595361938190762884914875030517578125000000
0.7808144450460542396186269797908607870340347290039062500
-0.0465359251196770934422275445285777095705270767211914062
-0.7186790515550940394717827075510285794734954833984375000
0.5146505984998775984351482293277513235807418823242187500
1.0900132487613944931581499986350536346435546875000000000
-0.0803852724733821466518435272519127465784549713134765625
-0.1164459276469821114030622766222222708165645599365234375
-0.3175775758228230327695484902505995705723762512207031250
-0.7185815355650849722835005195520352572202682495117187500
1.0156647804452054728585608245339244604110717773437500000
-0.4351949478421076045187021463789278641343116760253906250
-0.1604492156563904758925787064072210341691970825195312500
-0.5396519126574590430323041800875216722488403320312500000
0.1206153130226584879736151378892827779054641723632812500
0.1767989429144986024411423386482056230306625366210937500
-0.0176743971956725108574115523651926196180284023284912109
-0.2423907978369817528552232488436857238411903381347656250
-0.5114038014873732995724253669322934001684188842773437500
-0.1085239370389774332670285161839274223893880844116210938
0.3215677174862753284756422544887755066156387329101562500
-0.1584714829677811853692048771335976198315620422363281250
0.1449695762126361475718994142880546860396862030029296875
-0.6898205070756036061396798686473630368709564208984375000
-0.2431927495660124449727845785673707723617553710937500000
-0.4431265465248000468001521312544355168938636779785156250
0.4369978882615349058404774496011668816208839416503906250
0.1062266968599095973146972937684040516614913940429687500
0.4370924645558103005527073037228547036647796630859375000
-0.3235502417951690579123180668830173090100288391113281250
0.2240906640002200134187404501062701456248760223388671875
-1.7123966898698801397671331869787536561489105224609375000
-0.0680339274204049826444418158644111827015876770019531250
-1.1410396309454564622853922628564760088920593261718750000
0.1222236300394678315539565005565236788243055343627929688
0.6181415787174230347389425332949031144380569458007812500
-1.3164675693693519420435222855303436517715454101562500000
-0.5293333583362417327222715357493143528699874877929687500
-0.4601032164216165010195425111305667087435722351074218750
-0.3659338691213571692628647724632173776626586914062500000
-1.0414426480414216147352135521941818296909332275390625000
0.5424362047241619855242333869682624936103820800781250000
-0.2145075674981122559881185907215694896876811981201171875
-0.1079552585541219411613411693906527943909168243408203125
0.4877192460600377477142330917558865621685981750488281250
0.8308033568466529628082639646891038864850997924804687500
0.6603338282861949126711920143861789256334304809570312500
-0.1564513196704241382306577179406303912401199340820312500
-0.2359638501002290777996961423923494294285774230957031250
-0.5248679643930632687798265578749123960733413696289062500
0.6084156855839157884702217415906488895416259765625000000
0.3347231860041081086265535304846707731485366821289062500
0.2033354940535168908777308161006658338010311126708984375
-0.3208847955649271055378335404384415596723556518554687500
-0.1761090454630863944007757027065963484346866607666015625
-0.3213253561412893199999984972237143665552139282226562500
0.2128690887668282516465012577100424095988273620605468750
-0.3776128285606546453045950784144224599003791809082031250
-0.3711161704530163696347244695061817765235900878906250000
0.2011228213802927766717942859031609259545803070068359375
0.1377189091498388640033567753562238067388534545898437500
0.1889307771160601279181179279476054944097995758056640625
-0.0958301607037321118154338250860746484249830245971679688
0.1121778884190825636979482737842772621661424636840820312
-0.4151525867706680195112767250975593924522399902343750000
0.0063139053751203565167937625801641843281686305999755859
-0.3958506061023528421749517747230129316449165344238281250
0.0956436294786924545707762490565073676407337188720703125
0.0757679669350244944237005029208376072347164154052734375
0.2754923542879161857399594737216830253601074218750000000
0.1942583502120978355964808770295348949730396270751953125
-0.3832456493477824910343088049557991325855255126953125000
-0.2545631527700389917789891569555038586258888244628906250
0.0077272060214942234201984661012829747051000595092773438
-0.1183401876650973377769204830656235571950674057006835938
-0.0506116224492162564141395364458730909973382949829101562
-0.4308921143633565042918576182273682206869125366210937500
0.3222155992620997499997770319168921560049057006835937500
-1.1335638543759722907111608947161585092544555664062500000
-0.9964186045875780273206601123092696070671081542968750000
-0.0430877369320472741742733546743693295866250991821289062
-0.2357247829427586149897422274079872295260429382324218750
0.2129605022554835747072843332716729491949081420898437500
0.7627976517122351252098155782732646912336349487304687500
0.1611530639050235413911593695956980809569358825683593750
-0.2959846841402785644348227833688724786043167114257812500
0.2229613284551102414532408602099167183041572570800781250
0.8960423288259301566327508226095233112573623657226562500
-0.1980878911423180066542215627123368903994560241699218750
-0.5257055496897437008030351535126101225614547729492187500
0.5377080885712818281163549727352801710367202758789062500
0.0271922784184819993358317447018634993582963943481445312
-0.3819843124601778883153713195497402921319007873535156250
-1.3124668342848591073845909704687073826789855957031250000
-0.6364596236101716097977032404742203652858734130859375000
0.2774031395774139152621273751719854772090911865234375000
-0.1060758190326888950050232551802764646708965301513671875
-0.0048034168808658104371511754493440093938261270523071289
-0.1396583545690063821176352121256059035658836364746093750
-0.5535065301053200270686716066848021000623703002929687500
-0.5109198768993685746409028070047497749328613281250000000
-0.1618385938379936495046251820895122364163398742675781250
-0.2850215632400624476971984222473111003637313842773437500
-0.8097891165618840147999435430392622947692871093750000000
-0.0647596509336322151417775216941663529723882675170898438
-0.3965192218668259216407534495374420657753944396972656250
-0.3754328731454875667239434733346570283174514770507812500
-0.3731652125017367316317518088908400386571884155273437500
-0.5175798649109513149824124411679804325103759765625000000
0.0021881552331775512738876177110114440438337624073028564
-0.5781950218765095073081283771898597478866577148437500000
-0.6889189139978996179181081060960423201322555541992187500
0.1021488161965728030944333681873104069381952285766601562
-0.1318882885160697904236570821012719534337520599365234375
-0.7188708754751399476745632455276791006326675415039062500
-0.3622819485686204488139594559470424428582191467285156250
-0.4249649765348969543410362348367925733327865600585937500
-0.2984370278242354235231914572068490087985992431640625000
0.4343347718351593944596800156432436779141426086425781250
0.6239862419651578395729529802338220179080963134765625000
-0.4152062124393076092410126420872984454035758972167968750
-0.5100843411013921135932491779385600239038467407226562500
0.3657347773224938203284750670718494802713394165039062500
0.4400345137651794358291112985170911997556686401367187500
-0.1051307609814326748942647782314452342689037322998046875
-1.0076657229329675224960283230757340788841247558593750000
0.2604184572686819576503580719872843474149703979492187500
0.8308297948546240485612202064658049494028091430664062500
-0.1471681787937512142505624979094136506319046020507812500
-0.2434887122844953122324795913300476968288421630859375000
-0.5933002756203631378184581990353763103485107421875000000
-0.7132120607137707457567898927663918584585189819335937500
0.0652116030144812841573553896523662842810153961181640625
-0.3360246507911077706864944047993049025535583496093750000
0.4334954275404533374782545251946430653333663940429687500
-0.5346273991055576768616219851537607610225677490234375000
0.0418714293893409569835561967465764610096812248229980469
-0.3075852864207473946756010718672769144177436828613281250
-0.1658974199653899250783695151767460629343986511230468750
-0.3112222659431866378376696502527920529246330261230468750
0.4270499229022557963197925801068777218461036682128906250
-0.3962955209635014575120237623195862397551536560058593750
0.2730620400396722158298246085905702784657478332519531250
-0.9112738459909464072694618153036572039127349853515625000
-0.3700659340080176828990943249664269387722015380859375000
-0.2854419543800295056001914417720399796962738037109375000
0.3962160178563854939781663233588915318250656127929687500
-0.4988699532344377240988819721678737550973892211914062500
-0.3399650561617974520167706486972747370600700378417968750
-0.3360427681813942801802852500259177759289741516113281250
-0.3582263424917307981232283964345697313547134399414062500
0.1353884757395550086922497712293989025056362152099609375
0.2979506204148150150246010525734163820743560791015625000
-0.9593735672481845666581534715078305453062057495117187500
0.7171692130117010011147726800118107348680496215820312500
-0.0933013996704483150601561192161170765757560729980468750
-0.8630168408934379975505635229637846350669860839843750000
0.0079552878347064620578876770196075085550546646118164062
-0.7772506228498042846197790822770912200212478637695312500
0.2652134435985299965032879754289751872420310974121093750
-0.3786256247430064281189743269351311028003692626953125000
-0.7240969812209386846646452795539516955614089965820312500
0.1886155717697433342738833061957848258316516876220703125
1.0513114965634646758019243861781433224678039550781250000
0.1552343588150505437894821625377517193555831909179687500
0.3933428153943573923889687193877762183547019958496093750
-0.1554762636911526108018932745835627429187297821044921875
0.0921306792055416323705685499589890241622924804687500000
0.2335592389138239077794878539862111210823059082031250000
-0.5857896560808406594134112310712225735187530517578125000
-0.3237530614593482902741072848584735766053199768066406250
-0.1450618831053383794849054311271174810826778411865234375
0.1902595689959058478102349454275099560618400573730468750
0.1083781444642358399166326421436679083853960037231445312
-0.1862462676528329474923140196551685221493244171142578125
0.3213385997707215446794748459069523960351943969726562500
-0.1020535678834739584663893197102879639714956283569335938
-0.6156689431968856984767057838325854390859603881835937500
0.1830613922097168444480530524742789566516876220703125000
-0.5925955333712649153454776751459576189517974853515625000
-0.3015005708295068753699297303683124482631683349609375000
-0.0856369901747505157807438536110566928982734680175781250
0.0920611574431725449008112605042697396129369735717773438
0.3145154762582746399424138417089125141501426696777343750
-0.2591990797894568321346753236866788938641548156738281250
-0.4040400166160055261954653360589873045682907104492187500
0.2035098764882589117419797730690333992242813110351562500
-0.6095292691692131281655520069762133061885833740234375000
0.2729606619190347860381962163955904543399810791015625000
0.0359326351953967379482257626932550920173525810241699219
-0.2066901905971191832911415531270904466509819030761718750
-0.7786417003395744718119431126979179680347442626953125000
0.2985331234571286240786491816834313794970512390136718750
-0.5072575624824341433694030456535983830690383911132812500
-0.0166945382746258724759869096487818751484155654907226562
-0.3489469633768542133900325552531285211443901062011718750
-0.3539686011023664979902036975545343011617660522460937500
0.0653459359350288399026496222177229356020689010620117188
0.0197195503720607179243273776592104695737361907958984375
0.5858802919966409339380675191932823508977890014648437500
-0.1944092575819980350804172530843061394989490509033203125
-0.0801602181897716481451254821877228096127510070800781250
-0.2358558373597310353630973622784949839115142822265625000
0.2174576317361508470682451843458693474531173706054687500
-1.0657725644289661737218466441845521330833435058593750000
-0.4213540735465209352561544164927909150719642639160156250
-0.0699620049104035662823619645678263623267412185668945312
-0.3048442329467589972935570585832465440034866333007812500
0.4705846772916643661055502434464870020747184753417968750
0.1614144725311218719898675999502302147448062896728515625
-0.4588405926061127071413636713259620591998100280761718750
-0.4067915219560191975034513234277255833148956298828125000
0.4430443814964462601047046064195455983281135559082031250
0.1067138562114384042756043413646693807095289230346679688
-0.0156484699989930010899374934751904220320284366607666016
0.4372894723232417790725889972236473113298416137695312500
-0.4061853422076436292975643027602927759289741516113281250
-0.2236009533773812008039527654545963741838932037353515625
0.0043238246432952256656512268762071471428498625755310059
-0.0903746351386581631137673298326262738555669784545898438
0.0028947303742142189465769153144947267719544470310211182
-0.5742131434488975116892106598243117332458496093750000000
-0.1003936669370374124010680816354579292237758636474609375
-0.3911765601594953678521449091931572183966636657714843750
0.1788003531188678829622062949056271463632583618164062500
0.4417399249469478594853910635720239952206611633300781250
-0.1731758426347712598314387832942884415388107299804687500
-0.3978231620002423141180258880922337993979454040527343750
-0.4962747942935247791318431609397521242499351501464843750
-0.2220939413012678331771354578449972905218601226806640625
0.0965052218277559492598527413065312430262565612792968750
-1.0121359153237068362329864612547680735588073730468750000
-0.2711098915797940378524799598380923271179199218750000000
0.6720722236692018292103512067114934325218200683593750000
-0.2887050226251826057222160670789889991283416748046875000
0.0602330182620687548666893462723237462341785430908203125
0.1224485752558262391387344791837676893919706344604492188
-0.2548248372863184951775394893047632649540901184082031250
0.2839433160109352538569282842217944562435150146484375000
-0.1644285600021140603121949652631883509457111358642578125
-0.0904191744489602489132096252433257177472114562988281250
0.1624194331992417639209946855771704576909542083740234375
0.0060468347298367336462021626175555866211652755737304688
0.6063413873346346072423784789862111210823059082031250000
-0.2211629784545114107974228545572259463369846343994140625
-0.4179516918117583967884343110199552029371261596679687500
0.7118358983993411381874238941236399114131927490234375000
-0.0791201427371147347766822122139274142682552337646484375
1.0360305849370075037541027995757758617401123046875000000
0.7274170898371513649394159983785357326269149780273437500
0.1283143473786603760977698129863711073994636535644531250
-0.3302417504978366613599405354761984199285507202148437500
0.0266062929614749449358512833896384108811616897583007812
0.0838533420688724051572648932051379233598709106445312500
-0.8856502650392085174146927784022409468889236450195312500
-0.5766015160404116546288832978461869060993194580078125000
0.3306187138592164842521015089005231857299804687500000000
-0.4504722753418312075623930468282196670770645141601562500
-0.3204634787452075306291021661309059709310531616210937500
0.2137186450750613031512870065853348933160305023193359375
-0.4792718412159668872618567547760903835296630859375000000
-0.1526033048318773122087321780782076530158519744873046875
0.9345908858856387668723186834540683776140213012695312500
0.6034749695682707359978280692303087562322616577148437500
-1.3461981117363517324037047728779725730419158935546875000
0.3301494142811274290494338856660760939121246337890625000
0.3261994424992487040526611963286995887756347656250000000
-0.5365122389414543890850950447202194482088088989257812500
-0.4924643975239663684639879193127853795886039733886718750
-0.0750264129876665464280449668876826763153076171875000000
-0.1605609465053132178802286489371908828616142272949218750
-2.0031826489148203407353321381378918886184692382812500000
-0.1961419963209711514462441073192167095839977264404296875
0.2998711719139172671155790794728090986609458923339843750
-0.7144452583018077174159543574205599725246429443359375000
0.1033769424094184152806974452687427401542663574218750000
0.0286839012569324140755622210008368710987269878387451172
0.1741495676307683038164242361744982190430164337158203125
0.3380767131485175602811921180546050891280174255371093750
-0.9010251973770895261850455426611006259918212890625000000
-1.0519589911184197283944286027690395712852478027343750000
1.2234317741653903954812676602159626781940460205078125000
0.0902074567469061810998098849267989862710237503051757812
-1.7414128811839806321160040170070715248584747314453125000
-0.5376959537516544651580829849990550428628921508789062500
0.3681083027913392147212334748473949730396270751953125000
0.0703358035808204079541994246937974821776151657104492188
0.4141556580502950279942808720079483464360237121582031250
-0.3568072483721098642206470685778185725212097167968750000
0.2749551430482775060681888135150074958801269531250000000
1.4080372013343720460909480607369914650917053222656250000
-0.1097986543553685634400096660101553425192832946777343750
-0.1122588664468139596497309184996993280947208404541015625
-0.1361145264230174400932327216651174239814281463623046875
0.1207082232472156679836672310557332821190357208251953125
0.3642741067888236039529203935671830549836158752441406250
0.3131166465893885364479842792206909507513046264648437500
0.3640038164445213442199644759966759011149406433105468750
-0.0825599042252658649188035155930265318602323532104492188
0.4887498525297456208882351802458288148045539855957031250
-0.1184630819602119633504599960360792465507984161376953125
-0.0531181998852009382150463068228418705984950065612792969
0.1947905787687107814765141711177420802414417266845703125
0.0875207733439348350978903567920497152954339981079101562
0.2716081910837410129389013491163495928049087524414062500
-0.0684421303447887569015861686239077243953943252563476562
-0.3340403384744560777441790833108825609087944030761718750
-0.0446392349368313623436677062272792682051658630371093750
0.2083805497794895822405436547342105768620967864990234375
-0.0264137099550733507602462424301847931928932666778564453
0.4371915399110358757539529506175313144922256469726562500
-0.2680255994362393257013366110186325386166572570800781250
-0.0417893704087515249767648128909058868885040283203125000
-0.2092339732676424257640235282451612874865531921386718750
0.3348672048101681841814070139662362635135650634765625000
-0.1007278512002401371638882210390875115990638732910156250
0.6417380380215390589526691655919421464204788208007812500
0.0610471147531249300199895913010550430044531822204589844
-0.2299751242663465589100013630741159431636333465576171875
0.8096665220345452551597986712295096367597579956054687500
0.1473022469197741157742598261393141001462936401367187500
-0.7697064820275439922525606561976019293069839477539062500
0.5303108476283215910740409526624716818332672119140625000
-0.5923481939945740570863108587218448519706726074218750000
0.2892395179564990481679842559969983994960784912109375000
0.3213251922768022295073819805111270397901535034179687500
-0.6450380162323894328579854118288494646549224853515625000
-0.0098903667591912353129757207170769106596708297729492188
0.3144235569060165880195256704610073938965797424316406250
0.4704171428576883196015501198417041450738906860351562500
-0.6268514583255569982966903808119241148233413696289062500
-0.3236952910232502866882953185267979279160499572753906250
-0.0040569443222102452920041493200642435112968087196350098
0.7599244832807198202218046390044037252664566040039062500
-0.0536672656934146230511828434828203171491622924804687500
0.6005302444176418008581208596297074109315872192382812500
0.4321770603961661572078867266100132837891578674316406250
-0.4606361987930513990363579068798571825027465820312500000
0.0709640333848648996450947379344142973423004150390625000
0.0994896979210971310614297635765979066491127014160156250
-0.3168344207187175909368193060799967497587203979492187500
-0.0425481558417503541447146631071518640965223312377929688
0.1123918237891183002918893407695577479898929595947265625
0.4407726751307343704411323415115475654602050781250000000
0.1508671248246157281514001624600496143102645874023437500
0.4396309143265307861625501573143992573022842407226562500
-0.2992466141146109537274355716363061219453811645507812500
0.1891122684300464706907973777560982853174209594726562500
0.2184290340389611340121689408988459035754203796386718750
-0.0422137258604822276919499302039184840396046638488769531
-0.3313663360633580245995233326539164409041404724121093750
-0.1245774674981223045788780723341915290802717208862304688
0.3743805038645234284366836163826519623398780822753906250
0.3532595624856159632898311429016757756471633911132812500
-0.0221097982984383434335029505746206268668174743652343750
0.0835360451078726168328003609531151596456766128540039062
0.1032137900559083332208132333107641898095607757568359375
-0.1290387747938616380682930184775614179670810699462890625
0.5035898682644384116713354160310700535774230957031250000
0.4388805077359595463448727059585507959127426147460937500
-0.1601452999376790642394041697116335853934288024902343750
-0.3347690288664680879904267385427374392747879028320312500
-0.4916548194182205344660019363800529390573501586914062500
0.2919828934773209816455619147745892405509948730468750000
0.1040381908158272833420099345858034212142229080200195312
0.3192380518904084363285278413968626409769058227539062500
-0.5636615054668832058837324439082294702529907226562500000
0.4141371051694011096167002961010439321398735046386718750
-0.0181494881823663217756958943027711939066648483276367188
0.3908153962925162150376934278028784319758415222167968750
0.1054890954466296132396863072244741488248109817504882812
-0.0017124505408563127709098417028599214972928166389465332
0.0696759463434057646491481818884494714438915252685546875
0.6598747839389250691155552885902579873800277709960937500
0.2242509016319066683653460358982556499540805816650390625
0.4492749049802851057933139600208960473537445068359375000
0.0961634963828808253527569149810005910694599151611328125
0.3328279238295787645363077444926602765917778015136718750
0.0498350930541836822929013806060538627207279205322265625
0.1561308263102749449569017770045320503413677215576171875
0.3108758694687253076871513712831074371933937072753906250
-0.0344825573065930951477398025417642202228307723999023438
0.4374468358466906403592133756319526582956314086914062500
-0.1226864967308148868241346463037189096212387084960937500
-0.2454624957643152249886497884290292859077453613281250000
-0.0666956809537153638700601732125505805015563964843750000
-0.1093198362709277698945342649494705256074666976928710938
0.0572363218689741909406265563120541628450155258178710938
0.0230371119759819921457566493927515693940222263336181641
-0.2933740838210832091448310166015289723873138427734375000
-0.2636420782368094073433439916698262095451354980468750000
-0.6653247432281393924924373095564078539609909057617187500
0.0656277194459952417648906930480734445154666900634765625
0.2844810893292505360463451324903871864080429077148437500
-0.5755476397636987151429366349475458264350891113281250000
0.2950004507807753029169361980166286230087280273437500000
-0.4105759598050771064237096652504988014698028564453125000
-0.4929484790445363140420909076055977493524551391601562500
0.5079212869909451866234917360998224467039108276367187500
0.0992526089753026363737831161415670067071914672851562500
0.3666134235857024248339541827590437605977058410644531250
-0.4187581558075898491289024150319164618849754333496093750
0.5851656060595286090730837713635992258787155151367187500
0.2550414372552776143265873542986810207366943359375000000
0.2187940870392345305006642774969805032014846801757812500
-0.0875097441040233459119690451188944280147552490234375000
-0.2825675132978936465732999749889131635427474975585937500
-0.6330683685819081807366615066712256520986557006835937500
0.2675644428699105459301677001349162310361862182617187500
-0.4866845548641214325158443898544646799564361572265625000
-0.3411937079676572448505567081156186759471893310546875000
-0.0442322280614475538129681808641180396080017089843750000
-0.5804014341638632501485517423134297132492065429687500000
-0.2167482740185080469785816603689454495906829833984375000
-0.2634412348311246931942264382087159901857376098632812500
-0.3086538780767738576749081857997225597500801086425781250
-0.6240999254378643001928139710798859596252441406250000000
-0.0394564562437009491713268971579964272677898406982421875
-0.5104098880493775913791409948316868394613265991210937500
0.0346524965816897845272137601568829268217086791992187500
0.0716458107554440726261191230150870978832244873046875000
-0.6757683741728869319942418769642245024442672729492187500
-1.0427950186168644108875014353543519973754882812500000000
0.0033057230301442195805061707858385489089414477348327637
0.2571967226847456933214175478497054427862167358398437500
-0.7445395840294195544117883400758728384971618652343750000
0.1839382827788615393238558226585155352950096130371093750
-0.4047809405637504132080550789396511390805244445800781250
-0.4581949563022728599825938999856589362025260925292968750
-0.3123577377367867113910904208751162514090538024902343750
0.1957202832586625584898598617655807174742221832275390625
-0.3809236757628690073218535872001666575670242309570312500
-0.4777316389970630572392451540508773177862167358398437500
-0.3280384075142591115969992188183823600411415100097656250
1.0525350955609544811863997892942279577255249023437500000
-0.1450100989448344923626876834532595239579677581787109375
-0.1086342970317666634105790990361128933727741241455078125
0.1735804944119181680850516613645595498383045196533203125
0.0734344805073813416962380529184883926063776016235351562
0.3759049694713809119939185166003881022334098815917968750
-0.1589341805286828279708544187087682075798511505126953125
-0.8010901538027566104460674978327006101608276367187500000
-0.2880874864121822365170544344437075778841972351074218750
0.0670726495382624327001863662189862225204706192016601562
0.3852484099084009794289329420280409976840019226074218750
0.2583652910128574342607521430181805044412612915039062500
-0.0650912573150405210364866093186719808727502822875976562
-0.1428753724364295041304728783870814368128776550292968750
-0.4026839509878493150729639182827668264508247375488281250
0.2093292166676027632465917349691153503954410552978515625
0.0212604707397316093631101097116697928868234157562255859
-0.5242528141853919354531399221741594374179840087890625000
0.1546676820159621212891210007001063786447048187255859375
0.1886363797534235109409905817301478236913681030273437500
-0.1019131228776383873979582972424395848065614700317382812
-0.0862956430961522441558386731230712030082941055297851562
0.5277972721949333312352337088668718934059143066406250000
-0.1967033559487902094620181969730765558779239654541015625
0.2919012654830711039899426850752206519246101379394531250
-0.2594514178326404740815291916078422218561172485351562500
0.1460077519190873807097830194834386929869651794433593750
-0.2371923708561924637461260090276482515037059783935546875
0.2349389612585556230683891953958664089441299438476562500
0.1035923960064067672615095716537325643002986907958984375
0.8474583949523790682434309928794391453266143798828125000
0.1328759736275569314223332639812724664807319641113281250
0.1390634191303432576347631766111589968204498291015625000
-0.1970072303325488272118803934063180349767208099365234375
-0.0251074584678627546474594112169143045321106910705566406
0.2848629208632265652489934382174396887421607971191406250
-0.4661839511901373911406665229151258245110511779785156250
-0.7752642135503196030299477570224553346633911132812500000
-0.3945166558783143595512399315339280292391777038574218750
-1.2155881424633105947208377983770333230495452880859375000
0.1936762211667454047780978498849435709416866302490234375
0.0455405811012272662696709346619172720238566398620605469
0.1558507467377862332202909101397381164133548736572265625
0.5726782944735263614077780403022188693284988403320312500
0.0781968281667127368406156051605648826807737350463867188
-0.2894794481441780309438627227791585028171539306640625000
-0.5974997854739849678651353315217420458793640136718750000
-1.1850118435335668110042206535581499338150024414062500000
-0.6127727161574985093039913408574648201465606689453125000
-1.2634758945891544357209568261168897151947021484375000000
-0.1687296051403946450797377565322676673531532287597656250
-0.7952324906668207793458691412524785846471786499023437500
0.1420034598099323697173446134911500848829746246337890625
-0.0327539748019673032652931965458265040069818496704101562
-0.2632825769821656725078184990707086399197578430175781250
0.3741456102956456919450545228755800053477287292480468750
-0.0620418496557107249089746403569733956828713417053222656
0.7013551658551631096116807384532876312732696533203125000
-0.1509816697697149989743081732740392908453941345214843750
0.1764905280864374481630818536359583958983421325683593750
0.3804057137193652127216125791164813563227653503417968750
0.7644395747941311602957625837007071822881698608398437500
-0.3719695577898576854813939007726730778813362121582031250
0.1316828109147812342349936898244777694344520568847656250
-0.2268546873692932341892714021014398895204067230224609375
-0.4347482018575906659307861445995513349771499633789062500
0.0813584148215639180179437062179204076528549194335937500
0.6227240111879246420301114994799718260765075683593750000
0.1625342361448341155227836907215532846748828887939453125
0.7203995879625998410844545105646830052137374877929687500
0.4850740584909983832417879057175014168024063110351562500
0.6558536978040063747386057002586312592029571533203125000
-0.4137162696155268770681345813500229269266128540039062500
0.0090552702116369239437876359488654998131096363067626953
0.1973452577800019480669391214178176596760749816894531250
-0.3775912081732170633152634309226414188742637634277343750
-0.2496331333419445908106126807979308068752288818359375000
-0.1900791256416534957818242901339544914662837982177734375
0.3089695240008675791720804681972367689013481140136718750
-0.7880984871081841980355875421082600951194763183593750000
1.0494241499769636494221458633546717464923858642578125000
-0.1688731535300044828140642039215890690684318542480468750
0.5618755636183755397539130171935539692640304565429687500
-0.4077674052266865301064058257907163351774215698242187500
0.0291434252674856036913197954163479153066873550415039062
-0.1075147979679324516943950129643781110644340515136718750
0.0945612075960839959520853881258517503738403320312500000
-0.7619293896950635192055756306217517703771591186523437500
-0.6303967589489040124206553628027904778718948364257812500
-0.2926155336955356123240790111594833433628082275390625000
-0.0427764982997013779031370006578072207048535346984863281
0.1542889789388773302825086375378305092453956604003906250
-0.3127436359567489776445370353030739352107048034667968750
0.5287035946592134605381829715042840689420700073242187500
-0.0576292344468552625302848468891170341521501541137695312
-0.2213507730587586652681864052283344790339469909667968750
-0.2754245884611922767781777565687661990523338317871093750
-0.8818696996902083418135021020134445279836654663085937500
0.0141629027412811386854585293804120738059282302856445312
-0.6190180431254904691584783904545474797487258911132812500
0.5381796128652009958415192159009166061878204345703125000
0.2654660719921762557227395973313832655549049377441406250
-0.2881684047474333820737513178755762055516242980957031250
0.2106428823033267838660265169892227277159690856933593750
-0.9267348099159968821680877226754091680049896240234375000
-0.6029157578020558627684977182070724666118621826171875000
-0.8542978712126810814098121227289084345102310180664062500
-0.6014119243194256947404596758133266121149063110351562500
-0.0391853721170359742265176805631199385970830917358398438
-0.3186809561674925905805366710410453379154205322265625000
-0.4066799434421969339226166084699798375368118286132812500
-3.8283629108570065291416995023610070347785949707031250000
-0.3054951312526164586280685853125760331749916076660156250
-1.1811600959721109127542604255722835659980773925781250000
-0.0564305613722488469408133937577076721936464309692382812
-0.2710770414535328409755265965941362082958221435546875000
1.0013841780884611409874196397140622138977050781250000000
0.6527498662302719800720751663902774453163146972656250000
0.1916441504072016188686689019959885627031326293945312500
0.4505335540658715332007488996168831363320350646972656250
-0.2036750125085977081162980084627633914351463317871093750
-1.2273349590428757061033593345200642943382263183593750000
0.3052282270555183862903447788994526490569114685058593750
0.5299092374579167374903931886365171521902084350585937500
-0.2058503048854925243649205413021263666450977325439453125
-0.5457643685828315049946013459702953696250915527343750000
-0.7113878777460332925031138984195422381162643432617187500
-0.4229257733550796927168846650602063164114952087402343750
-0.5864002479802129519370623711438383907079696655273437500
-0.2693816878936214354034461848641512915492057800292968750
-0.1543793723856425326168562150996876880526542663574218750
-2.6940272254505268634261483384761959314346313476562500000
-0.9007364667174759809142869926290586590766906738281250000
-1.1259386954669621250246791532845236361026763916015625000
-0.4710364294906427273801341470971237868070602416992187500
0.3966222222855806389674171441583894193172454833984375000
0.0211170712178531880254261920981662115082144737243652344
1.2395832320635586931700800050748512148857116699218750000
0.2422799076305000298692249316445668227970600128173828125
0.0432557330947806462084770373621722683310508728027343750
1.2822036835124941411834242899203673005104064941406250000
0.5063930485089004340792939728999044746160507202148437500
0.4182595101219916955415101256221532821655273437500000000
-1.2041279663341841743573468193062581121921539306640625000
-0.2708181700245749223832092411612393334507942199707031250
0.5287067423794191700636702080373652279376983642578125000
-0.3288817044046905557763693650485947728157043457031250000
-0.7384601870573453963331189697782974690198898315429687500
0.3213196469448343917107990819204133003950119018554687500
-0.3329684066297379785304144661495229229331016540527343750
-0.4438877614372858104729857586789876222610473632812500000
-1.5227135124130473098347238192218355834484100341796875000
-0.1100534740898267693776091391555382870137691497802734375
0.3366665836169155379131723293539835140109062194824218750
-0.0950832648065521590652338090876583009958267211914062500
0.5570625933089956571819811870227567851543426513671875000
-0.4835492452464237866927021514129592105746269226074218750
0.3770295099187011556018944702373119071125984191894531250
-0.6286705522844974192153699732443783432245254516601562500
0.2758869476344243398813205203623510897159576416015625000
-0.0398702582129067395477761692745843902230262756347656250
-0.9308325680726846629298165680665988475084304809570312500
-0.3516134095957106353580456925556063652038574218750000000
-1.5176870564581437239581873654969967901706695556640625000
-0.0082439722567790307827806373097700998187065124511718750
-0.4088890650420421435384810138202738016843795776367187500
-0.2130239261333791989105890252176322974264621734619140625
0.3351739959959570969161291031923610717058181762695312500
0.0707690438004273253413956012991548050194978713989257812
0.0686929312380918366542914554884191602468490600585937500
0.9881184821283693908711143194523174315690994262695312500
-0.5251818653005173587189347017556428909301757812500000000
-0.3061940794314572666934282096917741000652313232421875000
-0.3478064809661409739760529191698879003524780273437500000
0.3895070791365264906147558576776646077632904052734375000
0.4795823406599036831110538514622021466493606567382812500
0.4690526912389458846774914491106756031513214111328125000
-0.2727232220150512809198062313953414559364318847656250000
-0.3256221663552702483279688294715015217661857604980468750
0.0346393240404306301805092971335398033261299133300781250
-0.1857107799105464640554430388874607160687446594238281250
0.7257807441932847547505502916465047746896743774414062500
0.0590491373555242851645097346136026317253708839416503906
-0.3902834191960488086081682013173121958971023559570312500
0.9755062641664117295547953290224540978670120239257812500
-0.7345282783224579281622368398529943078756332397460937500
0.6985583473852140512505570768553297966718673706054687500
-0.4633698701505918338128253708418924361467361450195312500
-0.0097239401487416443625733109001885168254375457763671875
0.4030975995322590987868238698865752667188644409179687500
-0.2375462830542588443805129827524069696664810180664062500
-0.4322469716480351609178001126565504819154739379882812500
-0.4961548359391817486496734090906102210283279418945312500
-0.2845358563791774431095404906955081969499588012695312500
0.5101980829348450319216112802678253501653671264648437500
-0.4317165446629457337124335936096031218767166137695312500
0.8574043673776794438623483074479736387729644775390625000
0.1768448223131341978664465841575292870402336120605468750
-0.1950198771425138422053180420334683731198310852050781250
0.3483768915859331016804389946628361940383911132812500000
0.0671167225925239641082242769698495976626873016357421875
-0.9056384199377969235200680486741475760936737060546875000
-0.2133039429240268514131884103335323743522167205810546875
-2.4451034024538444988650098821381106972694396972656250000
0.0897069146502691983080524096294539049267768859863281250
-0.3758668799321595588303068780078319832682609558105468750
0.4566949097016567149509569389920216053724288940429687500
0.2708591217351322133488622512231813743710517883300781250
0.6386141241410043800641460620681755244731903076171875000
0.5681278929011371880974934356345329433679580688476562500
0.5180713738535873691404276542016305029392242431640625000
-0.1174334312273752345401334196139941923320293426513671875
0.7276345782826075803129128871660213917493820190429687500
0.8733312513062775339633958537888247519731521606445312500
-0.8116257203966543709583447707700543105602264404296875000
0.3679104148082776304384822196880122646689414978027343750
-0.0655727447647858063817238871706649661064147949218750000
-0.3772625682598758078967193796415813267230987548828125000
-0.4034376542597548631619019943173043429851531982421875000
0.0179080037540378239624416778497106861323118209838867188
0.2413027249614166924729374841263052076101303100585937500
0.0395304097453545097429206123251788085326552391052246094
0.0408450802828240269737314349640655564144253730773925781
0.4353049264877792423611424510454526171088218688964843750
0.4659734833715183377478297188645228743553161621093750000
-2.3851757823854322637657787709031254053115844726562500000
-1.0953117262161966571909488266101107001304626464843750000
0.0523732813437380873011761650559492409229278564453125000
-0.3802266761006014572643607607460580766201019287109375000
1.6571685608959680902074751429609023034572601318359375000
0.7792661744814720625740278592274989932775497436523437500
-0.2276771775469475234121574658274766989052295684814453125
-0.2755099273674539994694043798517668619751930236816406250
-0.5623005770058143726330968092952389270067214965820312500
-0.7012158733660800447040628569084219634532928466796875000
-0.7824251606923660062875569565221667289733886718750000000
-1.0237785976010229660460026934742927551269531250000000000
0.1589123393761810998370265224366448819637298583984375000
-0.1980747953940500682978864688266185112297534942626953125
